20190315,-0.16,-0.16,-1.47,-0.16,255,87.5,253.73,1.78,0.28,-1,1,1,2737,0,0,0,1,0,30500,30500,30100,30500,30900.0,31001.666666666668,31020.0,30560.0,30470.0
20190314,0.17,1.16,-0.5,0.99,136,-91.72,46.15,1.82,0.15,-1,1,1,2741,0,0,0,1,0,30550,30300,30100,30600,30895.833333333332,31033.333333333332,31065.0,30555.0,30450.0
20190313,0.32,0.32,-2.6,-1.79,1643,1328.7,4.91,1.83,1.83,-1,1,1,2714,0,0,0,1,0,30250,30900,30000,30900,30900.833333333332,31092.5,31107.5,30645.0,30470.0
20190312,1.16,1.82,0.17,1.82,115,-46.26,646.67,1.85,0.13,-1,1,1,2763,0,0,0,1,0,30800,30600,30300,30800,30905.416666666668,31148.333333333332,31172.5,30785.0,30560.0
20190311,0.0,0.16,-1.32,-0.49,214,-42.78,3.59,1.86,0.24,-1,1,1,2714,0,0,0,1,0,30250,30400,30000,30450,30902.916666666668,31192.5,31202.5,30855.0,30540.0
20190308,0.49,0.49,-2.12,-0.82,374,-36.18,5.2,1.9,0.42,-1,1,1,2728,0,0,0,1,0,30400,30800,30000,30800,30899.166666666668,31267.5,31250.0,30945.0,30650.0
20190307,1.14,1.14,-1.79,-0.16,586,725.35,35.31,1.92,0.65,-1,1,1,2750,0,0,0,1,0,30650,31050,30150,31050,30894.583333333332,31343.333333333332,31312.5,31045.0,30660.0
20190306,1.47,1.47,0.0,0.0,71,-84.7,600.0,2.0,0.08,-1,1,1,2754,0,0,0,1,0,30700,31150,30700,31150,30887.083333333332,31381.666666666668,31332.5,31185.0,30820.0
20190305,0.0,1.62,-1.62,-0.32,464,-64.2,27.98,2.01,0.52,-1,1,1,2754,0,0,0,1,0,30700,30800,30300,31300,30877.5,31381.666666666668,31347.5,31305.0,31010.0
20190304,0.0,1.15,-1.48,1.15,1296,-47.93,19.68,2.02,1.44,1,1,-1,2763,0,0,0,1,0,30800,30450,30000,30800,30867.5,31382.5,31440.0,31390.0,31170.0
20190228,-1.27,-0.16,-4.45,-3.18,2489,82.88,19.18,1.98,2.77,-1,1,1,2732,0,0,0,1,0,30450,31050,30050,31400,30855.833333333332,31385.0,31435.0,31480.0,31240.0
20190227,0.63,0.63,-2.05,-0.63,1361,147.45,22.49,2.16,1.52,-1,1,1,2822,0,0,0,1,0,31450,31850,31000,31850,30848.333333333332,31393.333333333332,31437.5,31575.0,31430.0
20190226,0.48,1.43,-0.16,0.48,550,-73.48,52.89,2.24,0.61,1,1,-1,2840,0,0,0,1,0,31650,31650,31450,31950,30832.5,31385.833333333332,31385.0,31570.0,31550.0
20190225,1.61,1.61,0.0,1.12,2074,129.68,165.2,2.16,2.31,-1,1,1,2826,0,0,0,1,0,31500,31650,31150,31650,30814.583333333332,31365.833333333332,31352.5,31560.0,31600.0
20190222,0.96,0.96,-1.11,-0.8,903,-66.26,15.99,2.17,1.01,-1,1,1,2795,0,0,0,1,0,31150,31700,31050,31700,30798.333333333332,31346.666666666668,31320.0,31550.0,31610.0
20190221,1.87,1.87,-2.96,-2.03,2676,32.41,18.57,2.24,2.98,-1,1,1,2817,0,0,0,1,0,31400,32650,31100,32650,30785.833333333332,31335.0,31270.0,31555.0,31720.0
20190220,0.31,1.88,-1.88,0.47,2021,-16.93,50.9,2.34,2.25,1,1,-1,2876,0,0,0,1,0,32050,32000,31300,32500,30772.083333333332,31318.333333333332,31215.0,31580.0,31720.0
20190219,1.27,3.01,-0.63,1.11,2433,133.72,106.89,2.17,2.71,1,1,1,2862,0,0,0,1,0,31900,31950,31350,32500,30751.25,31298.333333333332,31122.5,31480.0,31590.0
20190218,0.16,0.16,-0.95,-0.47,1041,103.32,0.0,2.17,1.16,1,1,1,2831,0,0,0,1,0,31550,31750,31400,31750,30732.5,31279.166666666668,31072.5,31390.0,31520.0
20190215,3.18,3.18,-0.32,0.96,512,27.36,0.0,2.17,0.57,1,1,1,2844,0,0,0,1,0,31700,32400,31300,32400,30716.25,31284.166666666668,30995.0,31490.0,31490.0
20190214,0.48,0.48,-0.8,0.0,402,-79.59,0.0,2.17,0.45,1,1,-1,2817,0,0,0,1,0,31400,31550,31150,31550,30693.75,31289.166666666668,30920.0,31390.0,31390.0
20190213,0.0,0.0,-1.58,-0.48,1970,860.98,0.0,1.95,2.2,1,1,1,2817,0,0,0,1,0,31400,31550,31050,31550,30677.5,31405.833333333332,30902.5,31300.0,31440.0
20190212,1.59,1.59,-0.64,0.48,205,-83.24,0.0,1.95,0.23,1,1,1,2831,0,0,0,1,0,31550,31900,31200,31900,30663.75,31375.0,30892.5,31200.0,31370.0
20190211,-1.44,0.64,-1.44,0.64,1223,-36.53,0.0,1.95,1.36,1,1,1,2817,0,0,0,1,0,31400,30750,30750,31400,30653.333333333332,31345.833333333332,30832.5,31145.0,31260.0
20190208,-1.26,-1.11,-1.9,-1.42,1927,-20.47,0.0,1.95,2.15,1,1,1,2799,0,0,0,1,0,31200,31250,31050,31300,30642.5,31302.5,30850.0,31090.0,31490.0
20190207,-0.16,2.09,-0.16,1.93,2423,-24.98,0.0,1.95,2.7,1,1,1,2840,0,0,0,1,0,31650,31000,31000,31700,30631.25,31267.5,30820.0,30985.0,31390.0
20190201,-0.32,3.06,-0.81,0.16,3230,-34.38,0.0,1.95,3.6,1,1,1,2786,0,0,0,1,0,31050,30900,30750,31950,30617.5,31210.0,30717.5,30850.0,31160.0
20190131,0.0,0.0,-4.76,-4.76,4922,-86.02,0.0,1.95,5.49,1,1,1,2781,0,0,0,1,0,31000,32550,31000,32550,30609.583333333332,31159.166666666668,30642.5,30765.0,31030.0
20190130,0.49,17.59,-0.65,6.03,35207,3165.96,66.22,1.95,39.24,-1,1,1,2920,0,0,0,1,0,32550,30850,30500,36100,30602.083333333332,31115.833333333332,30605.0,30755.0,31030.0
20190129,0.0,0.82,-1.31,0.66,1078,27.57,32.8,1.96,1.2,1,1,-1,2754,0,0,0,1,0,30700,30500,30100,30750,30579.166666666668,31060.833333333332,30485.0,30500.0,30690.0
20190128,0.99,0.99,-0.82,0.33,845,-66.84,19.48,1.96,0.94,-1,1,1,2737,0,0,0,1,0,30500,30700,30150,30700,30571.666666666668,31032.5,30467.5,30450.0,30580.0
20190125,-0.32,1.61,-2.42,-1.94,2548,-61.7,17.27,1.96,2.84,-1,1,1,2728,0,0,0,1,0,30400,30900,30250,31500,30565.0,31010.833333333332,30482.5,30505.0,30540.0
20190124,4.86,4.86,-1.62,0.49,6652,-9.62,47.53,1.97,7.41,-1,1,1,2781,0,0,0,1,0,31000,32350,30350,32350,30557.5,30994.166666666668,30447.5,30585.0,30500.0
20190123,0.0,12.11,0.0,2.32,7360,926.5,143.15,2.05,8.2,-1,1,1,2768,0,0,0,1,0,30850,30150,30150,33800,30547.083333333332,30967.5,30437.5,30520.0,30480.0
20190122,1.16,1.16,-0.99,-0.5,717,-0.55,4.99,2.12,0.8,-1,1,1,2705,0,0,0,1,0,30150,30650,30000,30650,30544.166666666668,30944.166666666668,30490.0,30610.0,30310.0
20190121,1.66,1.66,-0.66,0.33,721,316.76,5.15,2.12,0.8,1,1,-1,2719,0,0,0,1,0,30300,30700,30000,30700,30545.0,30933.333333333332,30547.5,30655.0,30320.0
20190118,0.0,0.0,-2.27,-2.27,173,-90.85,41.67,2.08,0.19,1,1,-1,2710,0,0,0,1,0,30200,30900,30200,30900,30550.0,30911.666666666668,30645.0,30585.0,30470.0
20190117,0.67,5.0,0.0,3.0,1891,-26.05,544.37,2.05,2.11,1,1,-1,2772,0,0,0,1,0,30900,30200,30000,31500,30551.666666666668,30900.0,30747.5,30520.0,30670.0
20190116,1.49,1.49,-0.99,-0.66,2557,691.64,3.86,1.98,2.85,-1,1,1,2692,0,0,0,1,0,30000,30650,29900,30650,30555.416666666668,30874.166666666668,30802.5,30455.0,30560.0
20190115,0.0,2.09,-2.74,-2.74,323,30.77,53.57,2.14,0.36,1,1,-1,2710,0,0,0,1,0,30200,31050,30200,31700,30566.666666666668,30857.5,30942.5,30470.0,30910.0
20190114,-1.6,0.32,-1.6,-0.48,247,-54.68,69.29,2.11,0.28,1,1,-1,2786,0,0,0,1,0,31050,30700,30700,31300,30576.25,30840.833333333332,31065.0,30485.0,30990.0
20190111,1.98,2.8,-0.82,2.8,545,21.38,30.22,2.07,0.61,1,1,-1,2799,0,0,0,1,0,31200,30950,30100,31200,30584.166666666668,30810.0,31132.5,30460.0,30700.0
20190110,0.0,1.1,-4.41,-4.41,449,-78.88,37.46,1.99,0.5,-1,1,1,2723,0,0,0,1,0,30350,31750,30350,32100,30580.833333333332,30766.666666666668,31277.5,30310.0,30370.0
20190109,1.96,4.25,-1.96,3.76,2126,2.41,84.76,2.02,2.37,1,1,-1,2849,0,0,0,1,0,31750,31200,30000,31900,30575.0,30766.666666666668,31440.0,30355.0,30350.0
20190108,0.0,6.93,-3.72,3.38,2076,4.32,175.71,1.9,2.31,1,1,-1,2745,0,0,0,1,0,30600,29600,28500,31650,30553.75,30745.833333333332,31525.0,30370.0,30030.0
20190107,-1.86,1.52,-1.86,0.17,1990,-22.02,7.29,1.75,2.22,1,1,-1,2656,0,0,0,1,0,29600,29000,29000,30000,30537.916666666668,30744.166666666668,31732.5,30440.0,29980.0
20190104,-1.82,-0.17,-3.14,-2.31,2552,7.63,10.78,1.71,2.84,-1,1,1,2651,0,0,0,1,0,29550,29700,29300,30200,30529.583333333332,30762.5,32000.0,30705.0,30220.0
20190103,-1.0,1.0,-1.33,0.33,2371,91.98,0.38,1.76,2.64,1,1,1,2714,0,0,0,1,0,30250,29850,29750,30450,30517.083333333332,30797.5,32170.0,30975.0,30250.0
20190102,0.0,0.0,-1.15,-0.66,1235,185.22,0.17,1.76,1.38,-1,1,1,2705,0,0,0,1,0,30150,30350,30000,30350,30508.333333333332,30821.666666666668,32192.5,31150.0,30360.0
20181228,3.57,4.87,-1.95,-1.46,433,-81.06,27.6,1.93,0.48,1,1,-1,2723,0,0,0,1,0,30350,31900,30200,32300,30490.416666666668,30836.666666666668,32222.5,31415.0,30710.0
20181227,0.0,5.56,0.0,3.7,2286,-22.82,21.99,1.8,2.55,1,1,-1,2763,0,0,0,1,0,30800,29700,29700,31350,30496.25,30859.166666666668,32252.5,31645.0,30900.0
20181226,-0.16,-0.16,-4.06,-3.57,2962,139.06,35.31,1.61,3.3,-1,1,1,2665,0,0,0,1,0,29700,30750,29550,30750,30509.583333333332,30868.333333333332,32260.0,31805.0,31190.0
20181224,0.0,2.04,-3.61,-3.45,1239,-82.57,4.64,1.65,1.38,-1,1,1,2763,0,0,0,1,0,30800,31900,30750,32550,30529.166666666668,30891.666666666668,32325.0,32245.0,31700.0
20181221,0.0,2.08,-0.96,1.92,7109,18.19,10.14,1.72,7.92,1,1,-1,2862,0,0,0,1,0,31900,31300,31000,31950,30547.5,30896.666666666668,32307.5,32525.0,31940.0
20181220,1.24,1.24,-3.1,-2.95,6015,29.08,26.46,1.46,6.7,1,1,-1,2808,0,0,0,1,0,31300,32650,31250,32650,30556.25,30906.666666666668,32230.0,32680.0,32120.0
20181219,-0.78,1.4,-2.02,0.0,4660,28.94,3.65,1.45,5.19,-1,1,1,2894,0,0,0,1,0,32250,32000,31600,32700,30565.416666666668,30893.333333333332,32187.5,33025.0,32390.0
20181218,0.47,1.88,-1.56,0.78,3614,4.48,14.52,1.54,4.03,1,1,-1,2894,0,0,0,1,0,32250,32150,31500,32600,30574.166666666668,30861.666666666668,32095.0,33295.0,32420.0
20181217,-2.13,1.37,-2.9,-2.44,3459,9.46,32.74,1.53,3.86,1,1,-1,2871,0,0,0,1,0,32000,32100,31850,33250,30583.75,30845.0,32025.0,33365.0,32790.0
20181214,-1.07,3.83,-2.3,0.46,3160,-57.53,57.63,1.28,3.52,1,1,-1,2943,0,0,0,1,0,32800,32300,31900,33900,30587.916666666668,30846.666666666668,31962.5,33235.0,33110.0
20181213,0.15,7.56,-2.01,0.77,7440,74.89,127.44,1.19,8.29,1,1,-1,2929,0,0,0,1,0,32650,32450,31750,34850,30589.583333333332,30830.833333333332,31915.0,33030.0,33240.0
20181212,0.0,0.0,-5.87,-4.99,4254,38.3,20.58,0.47,4.74,1,1,-1,2907,0,0,0,1,0,32400,34100,32100,34100,30589.166666666668,30798.333333333332,31882.5,32860.0,33660.0
20181211,2.08,2.68,-1.64,1.49,3076,-66.61,76.55,0.36,3.43,-1,1,1,3060,0,0,0,1,0,34100,34300,33050,34500,30598.333333333332,30758.333333333332,32182.5,32715.0,34170.0
20181210,-0.15,3.89,-3.59,0.45,9213,-72.87,86.61,0.39,10.27,-1,1,1,3015,0,0,0,1,0,33600,33400,32250,34750,30590.833333333332,30709.166666666668,31955.0,32405.0,33940.0
20181207,-0.72,12.23,-5.32,-3.74,33960,190.85,73.14,0.69,37.85,1,1,-1,3001,0,0,0,1,0,33450,34500,32900,39000,30579.166666666668,30662.5,31765.0,32090.0,33360.0
20181206,-1.72,3.0,-4.72,-0.57,11676,-3.45,75.64,0.25,13.01,1,1,-1,3118,0,0,0,1,0,34750,34350,33300,36000,30567.083333333332,30613.333333333332,31532.5,31780.0,32820.0
20181205,1.52,6.07,-5.01,6.07,12093,-67.49,59.07,0.19,13.48,1,-1,-1,3136,0,0,0,1,0,34950,33450,31300,34950,30548.75,30530.833333333332,31250.0,31350.0,32060.0
20181204,-0.33,15.96,-0.33,7.33,37200,530.62,95.78,0.0,41.46,-1,1,1,2956,0,0,0,1,0,32950,30600,30600,35600,30546.25,30445.833333333332,30912.5,30895.0,31260.0
20181203,-0.65,-0.16,-2.6,-0.16,5899,41.09,47.35,0.24,6.57,1,1,-1,2754,0,0,0,1,0,30700,30550,29950,30700,30549.583333333332,30392.5,30665.0,30685.0,30870.0
20181130,-1.13,0.81,-1.45,-0.65,4181,-28.15,32.45,0.0,4.66,1,1,-1,2759,0,0,0,1,0,30750,30600,30500,31200,30574.166666666668,30373.333333333332,30550.0,30690.0,30820.0
20181129,0.16,5.01,-1.29,0.0,5819,129.82,64.28,0.0,6.49,1,1,1,2777,0,0,0,1,0,30950,31000,30550,32500,30592.916666666668,30352.5,30475.0,30800.0,30740.0
20181128,0.0,0.0,-1.77,-0.16,2532,43.7,0.0,0.0,2.82,1,1,1,2777,0,0,0,1,0,30950,31000,30450,31000,30603.333333333332,30326.666666666668,30377.5,30905.0,30640.0
20181127,0.16,1.81,0.16,1.81,1762,2.03,0.0,0.0,1.96,1,1,1,2781,0,0,0,1,0,31000,30500,30500,31000,30627.083333333332,30303.333333333332,30290.0,31650.0,30530.0
20181126,-0.66,0.82,-0.66,0.33,1727,-61.43,0.0,0.0,1.92,1,1,1,2732,0,0,0,1,0,30450,30150,30150,30600,30676.666666666668,30279.166666666668,30210.0,31505.0,30500.0
20181123,-0.66,1.81,-0.99,-0.33,4478,8.24,0.0,0.0,4.99,1,1,1,2723,0,0,0,1,0,30350,30250,30150,31000,30702.5,30263.333333333332,30157.5,31440.0,30560.0
20181122,-0.99,2.14,-0.99,0.16,4137,-45.79,0.0,0.0,4.61,1,1,1,2732,0,0,0,1,0,30450,30100,30100,31050,30750.0,30250.0,30112.5,31285.0,30860.0
20181121,-1.46,-0.97,-2.11,-1.46,7632,65.55,0.0,0.0,8.51,1,1,1,2728,0,0,0,1,0,30400,30400,30200,30550,30871.25,30236.666666666668,30065.0,31150.0,31170.0
20181120,-0.81,2.11,-0.81,0.33,4610,-57.34,0.0,0.0,5.14,1,1,-1,2768,0,0,0,1,0,30850,30500,30500,31400,30938.75,30225.833333333332,29995.0,30930.0,32770.0
20181119,-1.88,-1.57,-3.77,-3.45,10807,-46.59,0.0,0.0,12.04,1,1,-1,2759,0,0,0,1,0,30750,31250,30650,31350,30967.5,30204.166666666668,29927.5,30645.0,32510.0
20181116,5.31,5.31,-1.09,-0.47,20235,-51.27,0.0,0.0,22.55,1,1,1,2858,0,0,0,1,0,31850,33700,31650,33700,31119.583333333332,30185.833333333332,29857.5,30410.0,32320.0
20181115,1.69,1.69,-17.45,-16.67,41528,-60.21,0.0,0.0,46.29,1,1,1,2871,0,0,0,1,0,32000,39050,31700,39050,31168.333333333332,30148.333333333332,29715.0,30150.0,31710.0
20181114,1.35,29.95,-1.69,29.95,104358,936.84,128.58,0.0,116.31,1,1,1,3445,0,0,0,1,0,38400,29950,29050,38400,31143.333333333332,30098.333333333332,29575.0,29850.0,31130.0
20181113,-0.34,9.4,-3.86,-0.84,10065,112.34,58.81,0.0,11.22,1,1,1,2651,0,0,0,1,0,29550,29700,28650,32600,31056.666666666668,29949.166666666668,29115.0,28930.0,29090.0
20181112,-1.04,4.17,-2.78,3.47,4740,1090.95,506.56,0.0,5.28,1,1,1,2674,0,0,0,1,0,29800,28500,28000,30000,31024.166666666668,29952.5,29067.5,28915.0,28780.0
20181109,0.0,1.03,-3.09,-1.03,398,-87.2,35.0,0.0,0.44,1,1,1,2584,0,0,0,1,0,28800,29100,28200,29400,31015.833333333332,29960.833333333332,29095.0,28875.0,28500.0
20181108,7.98,8.16,1.95,3.19,3109,-22.91,244.07,0.0,3.47,1,1,1,2611,0,0,0,1,0,29100,30450,28750,30500,31039.166666666668,29982.5,29180.0,28940.0,28590.0
20181107,-0.89,13.75,-0.89,0.71,4033,3260.83,228.46,0.0,4.49,1,1,1,2530,0,0,0,1,0,28200,27750,27750,31850,31032.083333333332,29995.0,29250.0,28980.0,28570.0
20181106,-3.17,1.23,-3.17,-1.41,120,10.09,933.33,0.0,0.13,1,1,1,2512,0,0,0,1,0,28000,27500,27500,28750,31030.0,30025.0,29375.0,29060.0,28770.0
20181105,-2.22,3.59,-2.91,-2.91,109,-87.61,14.29,0.0,0.12,1,1,1,2548,0,0,0,1,0,28400,28600,28400,30300,31033.333333333332,30060.0,29557.5,29210.0,29050.0
20181102,-3.1,13.79,-8.62,0.86,880,446.58,50.21,0.0,0.98,1,1,1,2624,0,0,0,1,0,29250,28100,26500,33000,31015.833333333332,30088.333333333332,29722.5,29305.0,29250.0
20181101,-0.51,0.0,-3.42,-0.68,161,1138.46,42.73,0.0,0.18,1,1,1,2602,0,0,0,1,0,29000,29050,28200,29200,30972.083333333332,30097.5,29812.5,29280.0,29290.0
20181031,0.34,0.34,-2.89,-0.68,13,0.0,140.0,0.0,0.01,1,1,1,2620,0,0,0,1,0,29200,29500,28550,29500,30932.916666666668,30110.833333333332,29947.5,29300.0,29390.0
20181030,0.34,0.34,-2.89,0.0,13,-96.36,10.0,0.0,0.01,1,1,1,2638,0,0,0,1,0,29400,29500,28550,29500,30885.416666666668,30119.166666666668,30055.0,29300.0,29350.0
20181029,3.06,3.06,-2.89,-0.17,357,-62.89,3.2,0.0,0.4,1,1,1,2638,0,0,0,1,0,29400,30350,28600,30350,30841.25,30120.833333333332,30140.0,29220.0,29370.0
20181026,2.03,3.73,-1.53,-0.17,962,-19.09,361.93,0.0,1.07,1,1,1,2642,0,0,0,1,0,29450,30100,29050,30600,30796.666666666668,30126.666666666668,30225.0,29315.0,29360.0
20181025,0.52,6.21,-1.38,1.72,1189,91.47,40.12,0.0,1.33,1,1,1,2647,0,0,0,1,0,29500,29150,28600,30800,30752.083333333332,30144.166666666668,30377.5,29420.0,29270.0
20181024,0.85,8.64,-2.37,-1.69,621,1840.62,62.83,0.0,0.69,1,1,1,2602,0,0,0,1,0,29000,29750,28800,32050,30700.0,30156.666666666668,30427.5,29520.0,29210.0
20181023,0.17,1.02,-1.53,0.51,32,-91.16,34.78,0.0,0.04,1,1,1,2647,0,0,0,1,0,29500,29400,28900,29650,30658.75,30188.333333333332,30495.0,29690.0,29250.0
20181022,-1.72,1.21,-1.72,1.21,362,1623.81,7.78,0.0,0.4,1,1,1,2633,0,0,0,1,0,29350,28500,28500,29350,30615.416666666668,30203.333333333332,30582.5,29905.0,29070.0
20181019,-0.17,-0.17,-2.4,-0.68,21,250.0,40.0,0.0,0.02,1,1,1,2602,0,0,0,1,0,29000,29150,28500,29150,30565.0,30236.666666666668,30720.0,30140.0,29270.0
20181018,0.0,0.0,0.0,0.0,6,-70.0,0.0,0.0,0.01,1,1,1,2620,0,0,0,1,0,29200,29200,29200,29200,30510.0,30275.833333333332,30862.5,30345.0,29570.0
20181017,0.7,2.1,0.7,2.1,20,-95.64,280.0,0.0,0.02,1,1,1,2620,0,0,0,1,0,29200,28800,28800,29200,30447.5,30311.666666666668,30937.5,30595.0,29830.0
20181016,0.0,0.0,-5.77,-5.77,459,5637.5,75.21,0.0,0.51,1,1,1,2566,0,0,0,1,0,28600,30350,28600,30350,30382.916666666668,30358.333333333332,30977.5,30810.0,30130.0
20181015,0.98,0.98,-2.46,-0.49,8,-90.59,600.0,0.0,0.01,1,1,1,2723,0,0,0,1,0,30350,30800,29750,30800,30326.25,30395.0,31105.0,31060.0,30740.0
20181012,-7.05,0.33,-7.05,0.0,85,-83.65,133.33,0.0,0.09,1,1,1,2737,0,0,0,1,0,30500,28350,28350,30600,30252.916666666668,30383.333333333332,31127.5,31135.0,31010.0
20181011,-2.28,0.33,-5.54,-0.65,520,130.09,1.24,0.0,0.58,1,1,1,2737,0,0,0,1,0,30500,30000,29000,30800,30175.833333333332,30361.666666666668,31127.5,31335.0,31120.0
20181010,1.11,1.11,-3.0,-3.0,226,36.97,1.85,0.0,0.25,1,1,1,2754,0,0,0,1,0,30700,32000,30700,32000,30098.333333333332,30331.666666666668,31092.5,31335.0,31360.0
20181008,0.79,0.79,-2.21,-0.16,165,292.86,281.4,0.0,0.18,1,1,1,2840,0,0,0,1,0,31650,31950,31000,31950,30017.083333333332,30296.666666666668,31050.0,31300.0,31490.0
20181005,-1.29,2.09,-1.29,2.09,42,-54.35,0.0,0.0,0.05,1,1,1,2844,0,0,0,1,0,31700,30650,30650,31700,29930.0,30236.666666666668,30955.0,31260.0,31380.0
20181004,1.26,1.58,-2.05,-2.05,92,1740.0,0.0,0.0,0.1,1,1,1,2786,0,0,0,1,0,31050,32100,31050,32200,29843.333333333332,30195.0,30847.5,31300.0,31260.0
20181002,1.12,1.12,1.12,1.12,5,-58.33,0.0,0.0,0.01,1,1,1,2844,0,0,0,1,0,31700,31700,31700,31700,29760.833333333332,30144.166666666668,30770.0,31380.0,31550.0
20181001,0.48,0.96,0.16,0.8,12,-53.85,0.0,0.0,0.01,1,1,1,2813,0,0,0,1,0,31350,31250,31150,31400,29675.0,30133.333333333332,30655.0,31280.0,31310.0
20180928,-1.61,0.0,-1.61,0.0,26,-90.85,0.0,0.0,0.03,1,1,1,2790,0,0,0,1,0,31100,30600,30600,31100,29593.75,30150.833333333332,30565.0,31145.0,31110.0
20180927,1.85,1.85,-4.62,-4.31,284,-22.62,0.0,0.0,0.32,1,1,1,2790,0,0,0,1,0,31100,33100,31000,33100,29512.083333333332,30166.666666666668,30487.5,31150.0,31140.0
20180921,0.0,7.54,0.0,6.56,367,-50.27,0.0,0.0,0.41,1,1,1,2916,0,0,0,1,0,32500,30500,30500,32800,29434.583333333332,30198.333333333332,30407.5,31120.0,31340.0
20180920,0.0,0.66,0.0,0.49,738,370.06,0.0,0.0,0.82,1,1,1,2737,0,0,0,1,0,30500,30350,30350,30550,29343.75,30205.833333333332,30260.0,30920.0,31210.0
20180919,0.8,0.8,-2.88,-2.88,157,134.33,0.0,0.0,0.17,1,1,1,2723,0,0,0,1,0,30350,31500,30350,31500,29267.5,30237.5,30217.5,30850.0,31250.0
20180918,-1.09,-1.09,-2.65,-2.65,67,-26.37,0.0,0.0,0.07,1,1,1,2804,0,0,0,1,0,31250,31750,31250,31750,29196.25,30286.666666666668,30187.5,30800.0,31180.0
20180917,-1.1,0.78,-1.41,0.78,91,-72.92,93.55,0.0,0.1,1,1,1,2880,0,0,0,1,0,32100,31500,31400,32100,29113.333333333332,30322.5,30102.5,30650.0,31160.0
20180914,0.49,3.75,-0.49,3.75,336,197.35,470.91,0.0,0.37,1,1,1,2858,0,0,0,1,0,31850,30850,30550,31850,29023.333333333332,30329.166666666668,29980.0,30395.0,30900.0
20180913,0.0,2.33,0.0,2.33,113,-72.03,1650.0,0.0,0.13,1,1,1,2754,0,0,0,1,0,30700,30000,30000,30700,28941.666666666668,30348.333333333332,29867.5,30160.0,30630.0
20180912,0.16,0.16,-3.69,-3.69,404,910.0,0.34,0.0,0.45,1,1,1,2692,0,0,0,1,0,30000,31200,30000,31200,28870.0,30380.0,29782.5,30030.0,30450.0
20180911,0.16,1.14,-1.14,1.14,40,-46.67,80.0,0.0,0.04,1,1,1,2795,0,0,0,1,0,31150,30850,30450,31150,28805.0,30438.333333333332,29755.0,29985.0,30420.0
20180910,0.16,1.15,-1.31,0.98,75,-55.36,126.67,0.0,0.08,1,1,1,2763,0,0,0,1,0,30800,30550,30100,30850,28730.416666666668,30472.5,29685.0,29825.0,30140.0
20180907,0.17,3.02,0.17,2.35,168,330.77,659.09,0.0,0.19,1,1,1,2737,0,0,0,1,0,30500,29850,29850,30700,28660.0,30495.833333333332,29660.0,29695.0,29890.0
20180906,-0.34,-0.17,-0.67,-0.17,39,-52.44,0.0,0.0,0.04,1,1,1,2674,0,0,0,1,0,29800,29750,29650,29800,28590.416666666668,30520.833333333332,29640.0,29600.0,29690.0
20180905,0.34,0.5,-0.84,0.34,82,-53.67,26.23,0.0,0.09,1,1,1,2678,0,0,0,1,0,29850,29850,29500,29900,28524.166666666668,30566.666666666668,29642.5,29585.0,29610.0
20180904,-1.52,0.85,-1.52,0.68,177,-11.94,428.12,0.0,0.2,1,1,1,2669,0,0,0,1,0,29750,29100,29100,29800,28462.083333333332,30646.666666666668,29650.0,29575.0,29550.0
20180903,0.0,0.34,0.0,0.17,201,548.39,72.38,0.0,0.22,1,1,1,2651,0,0,0,1,0,29550,29500,29500,29600,28400.833333333332,30706.666666666668,29667.5,29555.0,29510.0
20180831,0.34,0.34,-0.34,0.34,31,-95.44,0.0,0.0,0.03,1,1,1,2647,0,0,0,1,0,29500,29500,29300,29500,28339.583333333332,30775.0,29695.0,29565.0,29500.0
20180830,0.0,0.0,-1.86,-0.51,680,67900.0,5.43,0.0,0.76,1,1,1,2638,0,0,0,1,0,29400,29550,29000,29550,28278.333333333332,30833.333333333332,29710.0,29575.0,29510.0
20180829,0.0,0.0,0.0,0.0,1,-98.55,0.0,0.0,0.0,1,1,1,2651,0,0,0,1,0,29550,29550,29550,29550,28220.833333333332,30880.0,29730.0,29535.0,29560.0
20180828,0.68,0.68,-0.51,0.17,69,-89.78,2166.67,0.0,0.08,1,1,1,2651,0,0,0,1,0,29550,29700,29350,29700,28160.416666666668,30950.833333333332,29737.5,29525.0,29600.0
20180827,0.17,0.17,-1.18,-0.17,675,5525.0,5.94,0.0,0.75,1,1,1,2647,0,0,0,1,0,29500,29600,29200,29600,28096.25,31074.166666666668,29735.0,29545.0,29600.0
20180824,-0.84,-0.34,-1.18,-0.34,12,-95.76,0.0,0.0,0.01,1,1,1,2651,0,0,0,1,0,29550,29400,29300,29550,28033.333333333332,31141.666666666668,29747.5,29625.0,29630.0
20180823,-1.34,-0.17,-1.51,-0.34,283,-17.73,9999.99,0.0,0.32,1,1,1,2660,0,0,0,1,0,29650,29350,29300,29700,27970.0,31250.0,29795.0,29680.0,29640.0
20180822,-1.02,0.68,-1.69,0.68,344,-60.51,62.8,0.0,0.38,-1,1,1,2669,0,0,0,1,0,29750,29250,29050,29750,27907.916666666668,31505.833333333332,29825.0,29700.0,29510.0
20180821,-1.18,0.0,-1.52,-0.34,871,-42.28,299.08,0.03,0.97,-1,1,1,2651,0,0,0,1,0,29550,29300,29200,29650,27843.333333333332,31651.666666666668,29882.5,29725.0,29450.0
20180820,-1.35,0.68,-1.52,0.17,1509,398.02,461.19,0.08,1.68,-1,1,1,2660,0,0,0,1,0,29650,29200,29150,29800,27785.833333333332,31730.833333333332,29925.0,29780.0,29490.0
20180817,1.9,2.07,0.0,2.07,303,-51.21,261.25,0.11,0.34,-1,1,1,2656,0,0,0,1,0,29600,29550,29000,29600,27726.666666666668,32053.333333333332,30010.0,29825.0,29620.0
20180816,-1.36,1.02,-1.53,-1.53,621,-51.14,1.42,0.17,0.69,-1,1,1,2602,0,0,0,1,0,29000,29050,29000,29750,27664.166666666668,32188.333333333332,30097.5,29845.0,29720.0
20180814,-1.68,0.34,-2.52,-1.01,1271,-27.54,0.81,0.2,1.42,-1,1,1,2642,0,0,0,1,0,29450,29250,29000,29850,27608.333333333332,32188.333333333332,30215.0,29925.0,29890.0
20180813,-0.33,-0.33,-3.47,-1.82,1754,1524.07,0.87,0.22,1.95,-1,1,1,2669,0,0,0,1,0,29750,30200,29250,30200,27548.75,32164.166666666668,30342.5,29950.0,30000.0
20180810,0.0,0.83,-0.33,0.66,108,-69.05,45.71,0.25,0.12,-1,1,1,2719,0,0,0,1,0,30300,30100,30000,30350,27490.833333333332,32095.833333333332,30395.0,29925.0,30070.0
20180809,0.84,1.17,-1.17,0.84,349,3.87,110.3,0.28,0.39,-1,1,1,2701,0,0,0,1,0,30100,30100,29500,30200,27425.0,32070.833333333332,30362.5,29870.0,30030.0
20180808,0.0,0.0,-1.67,-0.5,336,23.08,1422.73,0.31,0.37,-1,1,1,2678,0,0,0,1,0,29850,30000,29500,30000,27362.916666666668,32095.833333333332,30317.5,29910.0,29970.0
20180807,-0.33,-0.17,-1.99,-0.33,273,-16.0,14.29,0.34,0.3,-1,1,1,2692,0,0,0,1,0,30000,30000,29500,30050,27300.416666666668,32069.166666666668,30260.0,29950.0,29960.0
20180806,0.0,0.0,-1.99,0.0,325,-48.74,1.02,0.39,0.36,-1,1,1,2701,0,0,0,1,0,30100,30100,29500,30100,27235.416666666668,32035.0,30190.0,30040.0,29900.0
20180803,0.17,1.01,-0.67,1.01,634,-46.32,2082.76,0.45,0.71,1,1,-1,2701,0,0,0,1,0,30100,29850,29600,30100,27173.75,32006.666666666668,30087.5,30070.0,29780.0
20180802,0.0,0.0,-1.01,0.0,1181,270.22,1.11,0.43,1.32,1,1,-1,2674,0,0,0,1,0,29800,29800,29500,29800,27105.416666666668,31943.333333333332,30042.5,30195.0,29710.0
20180801,0.0,0.34,-0.67,0.34,319,-50.47,4.61,0.42,0.36,1,1,-1,2674,0,0,0,1,0,29800,29700,29500,29800,27040.416666666668,31846.666666666668,29952.5,30350.0,29850.0
20180731,0.68,0.68,0.0,0.68,644,42.16,6.81,0.42,0.72,1,1,-1,2665,0,0,0,1,0,29700,29700,29500,29700,26985.0,31755.0,30015.0,30505.0,29940.0
20180730,1.01,1.01,-0.84,-0.84,453,63.54,24.7,0.41,0.5,1,1,1,2647,0,0,0,1,0,29500,30050,29500,30050,26930.416666666668,31651.666666666668,30150.0,30735.0,30180.0
20180727,-1.64,-0.16,-4.75,-2.46,277,544.19,15.72,0.41,0.31,1,1,-1,2669,0,0,0,1,0,29750,30000,29050,30450,26875.416666666668,31561.666666666668,30277.5,30865.0,30360.0
20180726,1.16,1.16,-1.82,0.83,43,-95.88,178.57,0.4,0.05,1,1,-1,2737,0,0,0,1,0,30500,30600,29700,30600,26819.166666666668,31466.666666666668,30440.0,30855.0,30680.0
20180725,-2.59,-0.32,-3.07,-2.1,1044,153.4,8.05,0.4,1.16,-1,1,1,2714,0,0,0,1,0,30250,30100,29950,30800,26755.0,31360.0,30562.5,30725.0,30850.0
20180724,-0.49,1.64,-1.32,1.64,412,338.3,576.92,0.4,0.46,1,1,-1,2772,0,0,0,1,0,30900,30250,30000,30900,26693.333333333332,31243.333333333332,30670.0,30570.0,31070.0
20180723,0.0,0.0,-5.1,-3.03,94,27.03,76.0,0.39,0.1,-1,1,1,2728,0,0,0,1,0,30400,31350,29750,31350,26623.333333333332,31129.166666666668,30790.0,30340.0,31290.0
20180720,0.48,0.48,-1.44,0.0,74,-21.28,545.45,0.4,0.08,-1,1,1,2813,0,0,0,1,0,31350,31500,30900,31500,26547.083333333332,31027.5,30940.0,30105.0,31370.0
20180719,1.59,1.59,-0.8,0.0,94,-14.55,800.0,0.42,0.1,-1,1,1,2813,0,0,0,1,0,31350,31850,31100,31850,26463.333333333332,30893.333333333332,30997.5,29890.0,31030.0
20180718,1.56,1.56,-3.12,-2.03,110,-55.65,30.38,0.43,0.12,1,1,-1,2813,0,0,0,1,0,31350,32500,31000,32500,26381.25,30744.166666666668,31080.0,29555.0,30600.0
20180717,1.46,3.9,-3.08,3.9,248,-0.8,125.0,0.43,0.28,-1,1,1,2871,0,0,0,1,0,32000,31250,29850,32000,26298.333333333332,30583.333333333332,31142.5,29525.0,30070.0
20180716,6.07,6.07,1.69,3.88,250,-48.45,84.62,0.44,0.28,-1,1,1,2763,0,0,0,1,0,30800,31450,30150,31450,26209.583333333332,30407.5,31217.5,29565.0,29390.0
20180713,1.54,1.54,-0.68,1.54,485,-83.11,102.62,0.46,0.54,1,1,-1,2660,0,0,0,1,0,29650,29650,29000,29650,26128.333333333332,30257.5,31337.5,29690.0,28840.0
20180712,0.35,5.92,-0.17,1.74,2871,435.63,92.24,0.45,3.2,-1,1,1,2620,0,0,0,1,0,29200,28800,28650,30400,26065.833333333332,30122.5,31465.0,30025.0,28750.0
20180711,0.35,0.35,-2.1,0.35,536,254.97,13.46,0.46,0.6,-1,1,1,2575,0,0,0,1,0,28700,28700,28000,28700,26008.75,29990.0,31605.0,30400.0,28510.0
20180710,2.14,2.14,0.18,1.96,151,-88.36,49.49,0.47,0.17,-1,1,1,2566,0,0,0,1,0,28600,28650,28100,28650,25953.75,29865.0,31797.5,30770.0,28980.0
20180709,0.0,2.05,-4.28,-3.94,1297,33.99,4.36,0.47,1.45,-1,1,1,2517,0,0,0,1,0,28050,29200,27950,29800,25902.083333333332,29737.5,32100.0,31240.0,29740.0
20180706,-0.54,4.46,-3.75,4.29,968,-35.85,128.2,0.49,1.08,1,1,-1,2620,0,0,0,1,0,29200,27850,26950,29250,25858.75,29623.333333333332,32365.0,31775.0,30540.0
20180705,-0.32,2.09,-10.14,-9.82,1509,281.06,49.51,0.47,1.68,-1,1,1,2512,0,0,0,1,0,28000,30950,27900,31700,25806.25,29491.666666666668,32587.5,32105.0,31300.0
20180704,0.0,0.0,-4.32,-4.17,396,89.47,3.38,0.52,0.44,-1,1,1,2786,0,0,0,1,0,31050,32400,31000,32400,25762.916666666668,29377.5,32837.5,32605.0,32290.0
20180703,1.56,2.03,0.0,1.09,209,-93.38,13.74,0.55,0.23,1,1,-1,2907,0,0,0,1,0,32400,32550,32050,32700,25691.25,29216.666666666668,32895.0,32760.0,32560.0
20180702,1.36,1.36,-5.0,-2.88,3158,-86.12,12.25,0.54,3.52,-1,1,1,2876,0,0,0,1,0,32050,33450,31350,33450,25607.916666666668,29036.666666666668,32965.0,32870.0,32740.0
20180629,1.37,13.35,-0.76,0.15,22755,2536.73,86.52,0.64,25.36,-1,1,1,2961,0,0,0,1,0,33000,33400,32700,37350,25527.083333333332,28857.5,33210.0,32985.0,33010.0
20180628,0.0,1.85,-0.15,1.7,863,14.46,10.22,0.67,0.96,1,1,-1,2956,0,0,0,1,0,32950,32400,32350,33000,25438.333333333332,28670.833333333332,33237.5,32905.0,32910.0
20180627,0.0,0.75,-2.7,-2.7,754,56.76,8.18,0.65,0.84,1,1,-1,2907,0,0,0,1,0,32400,33300,32400,33550,25348.333333333332,28481.666666666668,33392.5,32810.0,32920.0
20180626,-2.54,-0.3,-2.54,-0.3,481,-21.41,20.0,0.64,0.54,1,1,-1,2988,0,0,0,1,0,33300,32550,32550,33300,25264.583333333332,28297.5,34022.5,32825.0,32960.0
20180625,0.0,2.77,0.0,2.77,612,-44.21,31.99,0.61,0.68,1,1,1,2997,0,0,0,1,0,33400,32500,32500,33400,25171.25,28105.833333333332,34282.5,32960.0,33000.0
20180622,1.52,2.42,-3.03,-1.52,1097,-12.73,3.33,0.57,1.22,-1,1,1,2916,0,0,0,1,0,32500,33500,32000,33800,25076.25,27904.166666666668,34327.5,32955.0,32960.0
20180621,1.53,9.82,1.23,1.23,1257,55.19,38.97,0.58,1.4,1,1,-1,2961,0,0,0,1,0,33000,33100,33000,35800,24984.583333333332,27717.5,35152.5,33070.0,32900.0
20180620,0.3,0.3,-2.99,-2.69,810,-55.76,78.7,0.45,0.9,1,1,1,2925,0,0,0,1,0,32600,33600,32500,33600,24895.833333333332,27535.0,35387.5,33070.0,32700.0
20180619,0.0,1.96,-3.61,0.9,1831,32.39,60.36,0.31,2.04,1,1,-1,3006,0,0,0,1,0,33500,33200,32000,33850,24815.833333333332,27360.0,35207.5,33030.0,32690.0
20180618,4.66,7.14,0.0,3.11,1383,-40.62,112.26,0.22,1.54,1,1,-1,2979,0,0,0,1,0,33200,33700,32200,34500,24734.583333333332,27171.666666666668,34932.5,33060.0,32920.0
20180615,-1.72,4.22,-1.72,0.62,2329,-38.74,51.78,0.04,2.6,1,1,-1,2889,0,0,0,1,0,32200,31450,31450,33350,24653.75,26988.333333333332,34555.0,33435.0,32950.0
20180614,-1.69,0.46,-3.23,-1.69,3802,-34.19,44.38,0.0,4.24,1,1,1,2871,0,0,0,1,0,32000,32000,31500,32700,24591.25,26824.166666666668,34385.0,33570.0,33240.0
20180612,1.15,3.61,-6.2,-6.06,5777,3.83,45.73,0.0,6.44,1,1,1,2920,0,0,0,1,0,32550,35050,32500,35900,24530.416666666668,26660.0,34365.0,33975.0,33440.0
20180611,-0.45,4.95,-1.05,3.9,5564,97.37,76.21,0.0,6.2,1,1,1,3109,0,0,0,1,0,34650,33200,33000,35000,24467.5,26481.666666666668,34150.0,35220.0,33370.0
20180608,2.08,2.08,-4.16,-0.89,2819,-51.36,37.04,0.0,3.14,-1,1,1,2992,0,0,0,1,0,33350,34350,32250,34350,24386.666666666668,26277.5,33815.0,35605.0,33200.0
20180607,-2.27,5.76,-2.27,1.97,5796,-55.5,34.16,0.27,6.46,1,1,1,3019,0,0,0,1,0,33650,32250,32250,34900,24312.5,26095.0,33567.5,35700.0,33920.0
20180605,3.57,13.2,0.31,2.48,13026,162.41,68.04,0.26,14.52,1,1,-1,2961,0,0,0,1,0,33000,33350,32300,36450,24235.833333333332,25904.166666666668,33200.0,37235.0,33900.0
20180604,3.25,3.25,-7.69,-4.73,4964,-64.41,50.4,0.0,5.53,1,1,1,2889,0,0,0,1,0,32200,34900,31200,34900,24175.0,25723.333333333332,32750.0,37705.0,34510.0
20180601,-3.92,-0.14,-10.69,-8.53,13948,-50.46,24.9,0.0,15.55,1,1,1,3033,0,0,0,1,0,33800,35500,33000,36900,24118.333333333332,25561.666666666668,32355.0,37385.0,37070.0
20180531,-1.64,20.72,-5.51,10.13,28154,24.93,73.12,0.0,31.38,1,1,1,3315,0,0,0,1,0,36950,33000,31700,40500,24048.75,25370.0,31840.0,36805.0,38010.0
20180530,5.13,7.91,-12.48,-6.93,22536,27.7,57.83,0.0,25.12,1,1,-1,3010,0,0,0,1,0,33550,37900,31550,38900,23955.0,25118.333333333332,31197.5,35675.0,37480.0
20180529,-10.89,-9.44,-20.0,-19.89,17648,-20.89,0.0,0.0,19.67,1,1,-1,3234,0,0,0,1,0,36050,40100,36000,40750,23890.416666666668,24925.0,30722.5,35200.0,40570.0
20180528,10.78,21.43,9.09,16.88,22307,-37.29,0.0,0.0,24.86,1,1,-1,4037,0,0,0,1,0,45000,42650,42000,46750,23802.083333333332,24690.0,30125.0,34755.0,40900.0
20180525,-23.62,21.57,-23.62,12.24,35574,-21.54,0.0,0.0,39.65,1,1,-1,3454,0,0,0,1,0,38500,26200,26200,41700,23634.583333333332,24310.0,29037.5,33080.0,37700.0
20180524,-6.12,2.04,-30.0,-30.0,45342,-2.21,0.0,0.0,50.54,1,1,1,3077,0,0,0,1,0,34300,46000,34300,50000,23517.916666666668,24035.0,28315.0,32025.0,35600.0
20180523,6.1,29.97,6.1,29.97,46369,303.56,0.0,0.0,51.68,1,1,-1,4396,0,0,0,1,0,49000,40000,40000,49000,23440.833333333332,23840.833333333332,27815.0,31435.0,33870.0
20180521,2.93,30.0,2.41,30.0,11490,833.39,0.0,0.0,12.81,1,1,1,3383,0,0,0,1,0,37700,29850,29700,37700,23244.166666666668,23400.0,26530.0,29165.0,29830.0
20180518,3.04,3.57,0.0,3.57,1231,-34.28,0.0,0.0,1.37,1,1,1,2602,0,0,0,1,0,29000,28850,28000,29000,23141.666666666668,23140.0,25765.0,27795.0,28610.0
20180517,-2.14,9.94,-2.14,9.16,1873,-28.59,0.0,0.0,2.09,1,1,1,2512,0,0,0,1,0,28000,25100,25100,28200,23112.083333333332,23028.333333333332,25400.0,27325.0,28460.0
20180516,-1.04,-1.04,-10.94,-10.94,2623,-28.95,0.0,0.0,2.92,1,1,1,2301,0,0,0,1,0,25650,28500,25650,28500,23085.833333333332,22933.333333333332,25072.5,26875.0,28450.0
20180515,-5.06,-5.06,-8.86,-8.86,3692,-73.89,0.0,0.0,4.11,1,1,1,2584,0,0,0,1,0,28800,30000,28800,30000,23082.5,22885.833333333332,24880.0,26720.0,29000.0
20180514,2.65,16.64,2.65,11.86,14140,296.3,131.61,0.0,15.76,1,1,1,2835,0,0,0,1,0,31600,29000,29000,32950,23053.75,22779.166666666668,24517.5,26245.0,28500.0
20180511,0.89,3.76,-3.04,1.07,3568,-53.9,28.16,0.0,3.98,1,1,1,2535,0,0,0,1,0,28250,28200,27100,29000,23000.416666666668,22630.0,24000.0,25495.0,26980.0
20180510,8.45,8.45,-5.99,-1.58,7739,108.04,52.65,0.0,8.63,-1,1,1,2508,0,0,0,1,0,27950,30800,26700,30800,22973.333333333332,22531.666666666668,23647.5,24995.0,26190.0
20180509,1.52,7.98,-3.04,7.98,3720,-31.07,0.0,0.18,4.15,1,1,1,2548,0,0,0,1,0,28400,26700,25500,28400,22952.916666666668,22435.833333333332,23297.5,24605.0,25300.0
20180508,0.83,9.58,0.83,9.58,5397,266.64,0.0,0.18,6.02,1,1,1,2360,0,0,0,1,0,26300,24200,24200,26300,22936.25,22340.833333333332,22937.5,24195.0,24440.0
20180504,-0.21,0.62,-1.23,-1.23,1472,70.57,0.0,0.18,1.64,1,1,1,2153,0,0,0,1,0,24000,24250,24000,24450,22933.333333333332,22267.5,22687.5,23895.0,23990.0
20180503,0.64,4.26,0.64,3.4,863,47.52,0.0,0.18,0.96,1,1,1,2180,0,0,0,1,0,24300,23650,23650,24500,22948.75,22234.166666666668,22545.0,23735.0,24010.0
20180502,-0.41,-0.41,-3.73,-2.49,585,-76.78,0.0,0.18,0.65,1,1,1,2108,0,0,0,1,0,23500,24000,23200,24000,22962.916666666668,22215.0,22400.0,23475.0,23800.0
20180430,3.95,3.95,0.21,0.21,2519,3350.68,0.0,0.18,2.81,1,1,1,2162,0,0,0,1,0,24100,25000,24100,25000,22981.25,22209.166666666668,22305.0,23270.0,23910.0
20180427,0.0,0.0,-0.62,-0.21,73,-94.5,0.0,0.18,0.08,1,1,1,2158,0,0,0,1,0,24050,24100,23950,24100,22997.5,22189.166666666668,22165.0,23040.0,23950.0
20180426,0.0,3.66,-2.37,3.66,1327,214.45,0.0,0.18,1.48,1,1,1,2162,0,0,0,1,0,24100,23250,22700,24100,23014.583333333332,22171.666666666668,22052.5,22790.0,23800.0
20180425,-0.42,-0.42,-3.33,-3.33,422,-77.6,0.0,0.18,0.47,1,1,1,2086,0,0,0,1,0,23250,23950,23250,23950,23030.833333333332,22150.0,21927.5,22505.0,23460.0
20180424,-0.41,-0.41,-3.09,-1.03,1884,-76.09,0.0,0.18,2.1,1,1,1,2158,0,0,0,1,0,24050,24200,23550,24200,23050.833333333332,22143.333333333332,21832.5,22300.0,23150.0
20180423,0.21,5.36,-3.0,4.29,7881,168.34,282.69,0.18,8.78,1,1,1,2180,0,0,0,1,0,24300,23350,22600,24550,23063.333333333332,22117.5,21720.0,21990.0,22630.0
20180420,0.22,4.02,-1.79,4.02,2937,192.24,1518.33,0.18,3.27,1,1,1,2091,0,0,0,1,0,23300,22450,22000,23300,23077.916666666668,22066.666666666668,21570.0,21680.0,22130.0
20180419,0.0,3.23,0.0,3.23,1005,151.25,313.27,0.18,1.12,-1,1,1,2010,0,0,0,1,0,22400,21700,21700,22400,23096.25,22033.333333333332,21470.0,21480.0,21780.0
20180418,0.93,1.4,0.0,1.17,400,334.78,216.67,0.24,0.45,1,1,1,1947,0,0,0,1,0,21700,21650,21450,21750,23116.666666666668,22018.333333333332,21452.5,21355.0,21550.0
20180417,-0.23,0.23,-1.61,-1.61,92,-51.83,170.0,0.24,0.1,1,1,1,1925,0,0,0,1,0,21450,21750,21450,21850,23139.583333333332,22013.333333333332,21472.5,21325.0,21450.0
20180416,0.46,1.16,-2.09,1.16,191,-32.98,156.76,0.24,0.21,1,1,1,1956,0,0,0,1,0,21800,21650,21100,21800,23167.5,22011.666666666668,21510.0,21340.0,21350.0
20180413,-1.18,1.88,-1.18,1.41,285,325.37,103.6,0.24,0.32,1,1,1,1934,0,0,0,1,0,21550,21000,21000,21650,23186.666666666668,21999.166666666668,21530.0,21290.0,21230.0
20180412,-0.47,0.24,-0.94,0.24,67,-51.45,140.74,0.24,0.07,1,1,1,1907,0,0,0,1,0,21250,21100,21000,21250,23213.75,22009.166666666668,21570.0,21315.0,21180.0
20180411,0.0,1.19,-1.91,1.19,138,-49.82,77.46,0.24,0.15,1,1,1,1902,0,0,0,1,0,21200,20950,20550,21200,23242.5,22027.5,21615.0,21350.0,21160.0
20180410,-0.71,-0.71,-2.83,-1.18,275,34.15,34.44,0.24,0.31,1,1,1,1880,0,0,0,1,0,20950,21050,20600,21050,23277.083333333332,22042.5,21647.5,21365.0,21200.0
20180409,0.0,0.0,-3.05,-0.47,205,301.96,18.6,0.24,0.23,1,1,1,1902,0,0,0,1,0,21200,21300,20650,21300,23313.333333333332,22066.666666666668,21720.0,21450.0,21330.0
20180406,0.0,0.71,0.0,0.71,51,-77.43,163.16,0.24,0.06,1,1,1,1911,0,0,0,1,0,21300,21150,21150,21300,23350.416666666668,22094.166666666668,21780.0,21460.0,21350.0
20180405,-0.23,-0.23,-2.8,-1.17,226,-17.52,30.99,0.24,0.25,1,1,1,1898,0,0,0,1,0,21150,21350,20800,21350,23387.916666666668,22120.833333333332,21825.0,21460.0,21450.0
20180404,0.0,0.23,-3.01,-0.93,274,-58.3,19.74,0.24,0.31,1,1,1,1920,0,0,0,1,0,21400,21600,20950,21650,23425.416666666668,22148.333333333332,21875.0,21550.0,21540.0
20180403,0.0,1.88,-2.35,1.41,657,92.11,48.53,0.24,0.73,1,1,1,1938,0,0,0,1,0,21600,21300,20800,21700,23457.5,22165.833333333332,21930.0,21620.0,21530.0
20180402,0.0,0.46,-2.29,-2.29,342,627.66,27.17,0.24,0.38,1,1,1,1911,0,0,0,1,0,21300,21800,21300,21900,23492.083333333332,22179.166666666668,21965.0,21680.0,21570.0
20180330,0.23,0.93,-0.46,0.93,47,-51.04,40.62,0.24,0.05,1,1,1,1956,0,0,0,1,0,21800,21650,21500,21800,23525.833333333332,22196.666666666668,21992.5,21770.0,21570.0
20180329,-0.47,1.17,-1.41,1.17,96,15.66,13.85,0.24,0.11,1,1,1,1938,0,0,0,1,0,21600,21250,21050,21600,23551.25,22205.833333333332,22000.0,21825.0,21470.0
20180328,-3.21,-1.38,-3.21,-2.06,83,-53.37,70.0,0.24,0.09,1,1,1,1916,0,0,0,1,0,21350,21100,21100,21500,23576.666666666668,22215.0,22017.5,21880.0,21560.0
20180327,0.0,2.58,-0.23,2.35,178,-58.22,240.38,0.24,0.2,1,1,1,1956,0,0,0,1,0,21800,21300,21250,21850,23604.166666666668,22231.666666666668,22060.0,21930.0,21710.0
20180326,0.0,0.0,-1.41,0.0,426,90.18,38.11,0.24,0.47,1,1,1,1911,0,0,0,1,0,21300,21300,21000,21300,23635.833333333332,22236.666666666668,22070.0,21990.0,21790.0
20180323,-0.23,-0.23,-3.4,-3.4,224,55.56,60.98,0.24,0.25,1,1,1,1911,0,0,0,1,0,21300,22000,21300,22000,23672.916666666668,22248.333333333332,22137.5,22100.0,21970.0
20180322,-0.45,-0.23,-1.81,-0.23,144,-19.55,3.88,0.24,0.16,1,1,1,1978,0,0,0,1,0,22050,22000,21700,22050,23710.416666666668,22251.666666666668,22200.0,22190.0,22180.0
20180321,-0.9,-0.45,-1.8,-0.45,179,-71.77,33.07,0.24,0.2,1,1,1,1983,0,0,0,1,0,22100,22000,21800,22100,23740.416666666668,22256.666666666668,22202.5,22200.0,22200.0
20180320,-0.9,0.0,-2.7,0.0,634,140.15,52.02,0.24,0.71,1,1,1,1992,0,0,0,1,0,22200,22000,21600,22200,23775.833333333332,22271.666666666668,22212.5,22240.0,22150.0
20180319,-0.22,-0.22,-3.36,-0.67,264,-2.22,63.35,0.24,0.29,1,1,1,1992,0,0,0,1,0,22200,22300,21600,22300,23810.833333333332,22297.5,22217.5,22250.0,22190.0
20180316,0.0,0.9,-1.58,0.9,270,52.54,59.52,0.24,0.3,1,1,1,2005,0,0,0,1,0,22350,22150,21800,22350,23845.416666666668,22319.166666666668,22247.5,22215.0,22230.0
20180315,1.6,2.29,-1.6,1.37,177,-47.79,54.46,0.24,0.2,1,1,1,1987,0,0,0,1,0,22150,22200,21500,22350,23887.5,22358.333333333332,22250.0,22175.0,22200.0
20180314,0.0,0.0,-2.9,-2.46,339,868.57,4.04,0.24,0.38,1,1,1,1960,0,0,0,1,0,21850,22400,21750,22400,23935.0,22400.833333333332,22275.0,22155.0,22200.0
20180313,-1.34,0.22,-1.34,0.0,35,-76.67,380.0,0.24,0.04,1,1,1,2010,0,0,0,1,0,22400,22100,22100,22450,23976.25,22453.333333333332,22300.0,22190.0,22330.0
20180312,-0.45,0.9,-1.58,0.9,150,68.54,55.79,0.24,0.17,1,1,1,2010,0,0,0,1,0,22400,22100,21850,22400,24014.583333333332,22495.833333333332,22290.0,22150.0,22310.0
20180309,0.23,0.9,-0.68,0.23,89,-36.43,17.33,0.24,0.1,1,1,1,1992,0,0,0,1,0,22200,22200,22000,22350,24061.25,22530.0,22305.0,22175.0,22200.0
20180308,0.0,0.0,-2.67,-1.56,140,129.51,45.45,0.24,0.16,1,1,1,1987,0,0,0,1,0,22150,22500,21900,22500,24110.416666666668,22567.5,22290.0,22210.0,22150.0
20180307,-0.67,0.9,-0.67,0.9,61,-95.14,300.0,0.24,0.07,1,1,1,2019,0,0,0,1,0,22500,22150,22150,22500,24171.666666666668,22626.666666666668,22282.5,22205.0,22110.0
20180306,0.46,2.06,0.46,2.06,1256,386.82,6.99,0.24,1.4,1,1,1,2001,0,0,0,1,0,22300,21950,21950,22300,24251.666666666668,22675.0,22315.0,22185.0,22050.0
20180305,0.91,2.51,-0.46,-0.46,258,155.45,96.43,0.24,0.29,1,1,1,1960,0,0,0,1,0,21850,22150,21850,22500,24296.25,22727.5,22357.5,22185.0,21990.0
20180302,0.0,2.51,-0.23,0.0,101,-81.02,50.94,0.24,0.11,1,1,1,1969,0,0,0,1,0,21950,21950,21900,22500,24344.166666666668,22791.666666666668,22410.0,22280.0,22150.0
20180228,0.45,1.8,-1.35,-1.13,532,-30.64,55.34,0.24,0.59,1,1,1,1969,0,0,0,1,0,21950,22300,21900,22600,24386.25,22855.833333333332,22462.5,22325.0,22270.0
20180227,0.0,2.73,-0.45,0.91,767,83.49,45.95,0.24,0.85,1,1,1,1992,0,0,0,1,0,22200,22000,21900,22600,24420.416666666668,22914.166666666668,22505.0,22395.0,22300.0
20180226,-2.21,0.22,-2.87,-2.87,418,263.48,15.03,0.24,0.47,1,1,1,1974,0,0,0,1,0,22000,22150,22000,22700,24444.583333333332,22959.166666666668,22537.5,22410.0,22320.0
20180223,0.0,0.89,-1.33,0.44,115,-32.75,1088.89,0.24,0.13,1,1,1,2032,0,0,0,1,0,22650,22550,22250,22750,24469.166666666668,23000.833333333332,22562.5,22430.0,22380.0
20180222,0.45,2.71,-0.45,2.04,171,-61.57,266.67,0.24,0.19,1,1,1,2023,0,0,0,1,0,22550,22200,22000,22700,24492.5,23040.833333333332,22492.5,22435.0,22410.0
20180221,0.0,0.0,-6.28,-0.9,445,378.49,125.53,0.24,0.5,1,1,1,1983,0,0,0,1,0,22100,22300,20900,22300,24520.0,23088.333333333332,22430.0,22370.0,22380.0
20180220,0.45,0.45,-0.67,0.0,93,-75.2,13.16,0.24,0.1,1,1,1,2001,0,0,0,1,0,22300,22400,22150,22400,24554.166666666668,23143.333333333332,22400.0,22360.0,22490.0
20180219,-1.75,1.75,-2.19,-2.19,375,28.87,31.78,0.24,0.42,1,1,1,2001,0,0,0,1,0,22300,22400,22300,23200,24615.833333333332,23195.833333333332,22355.0,22445.0,22500.0
20180214,0.0,2.23,0.0,1.79,291,-73.76,22.27,0.24,0.32,1,1,1,2046,0,0,0,1,0,22800,22400,22400,22900,24658.75,23238.333333333332,22307.5,22530.0,22480.0
20180213,-1.32,1.55,-1.55,-1.1,1109,3365.62,54.0,0.24,1.24,1,1,1,2010,0,0,0,1,0,22400,22350,22300,23000,24714.166666666668,23279.166666666668,22220.0,22540.0,22460.0
20180212,0.67,1.34,-0.22,1.34,32,-73.77,22.73,0.24,0.04,1,1,1,2032,0,0,0,1,0,22650,22500,22300,22650,24767.916666666668,23328.333333333332,22207.5,22600.0,22360.0
20180209,1.13,1.13,-0.9,0.68,122,-93.41,0.0,0.24,0.14,1,1,1,2005,0,0,0,1,0,22350,22450,22000,22450,24796.666666666668,23370.833333333332,22192.5,22615.0,22230.0
20180208,0.0,1.1,-2.2,-2.2,1851,658.61,0.0,0.24,2.06,1,1,1,1992,0,0,0,1,0,22200,22700,22200,22950,24811.25,23415.0,22180.0,22665.0,22390.0
20180207,0.0,3.65,-0.91,3.65,244,-78.31,0.0,0.24,0.27,1,1,1,2037,0,0,0,1,0,22700,21900,21700,22700,24830.416666666668,23470.0,22190.0,22695.0,22580.0
20180206,-0.45,-0.45,-2.27,-0.45,1125,382.83,0.0,0.24,1.25,1,1,1,1965,0,0,0,1,0,21900,21900,21500,21900,24849.166666666668,23531.666666666668,22197.5,22550.0,22620.0
20180205,-1.94,-0.22,-4.97,-4.97,233,11550.0,0.0,0.24,0.26,1,1,1,1974,0,0,0,1,0,22000,22700,22000,23100,24869.583333333332,23599.166666666668,22247.5,22490.0,22840.0
20180202,0.0,0.0,0.0,0.0,2,-99.74,0.0,0.24,0.0,1,1,1,2077,0,0,0,1,0,23150,23150,23150,23150,24893.75,23663.333333333332,22287.5,22440.0,23000.0
20180201,-0.87,1.31,-0.87,1.09,782,624.07,0.0,0.24,0.87,1,1,1,2077,0,0,0,1,0,23150,22700,22700,23200,24913.333333333332,23710.833333333332,22252.5,22265.0,22940.0
20180131,-1.3,0.22,-1.3,-0.43,108,217.65,0.0,0.24,0.12,1,1,1,2055,0,0,0,1,0,22900,22700,22700,23050,24932.916666666668,23753.333333333332,22215.0,22085.0,22810.0
20180130,0.22,0.88,0.22,0.88,34,-73.44,0.0,0.24,0.04,1,1,1,2064,0,0,0,1,0,23000,22850,22850,23000,24949.166666666668,23805.833333333332,22187.5,21900.0,22480.0
20180129,0.0,0.22,-0.66,-0.22,128,-88.81,0.0,0.24,0.14,1,1,1,2046,0,0,0,1,0,22800,22850,22700,22900,24965.833333333332,23857.5,22155.0,21815.0,22140.0
20180126,-0.89,3.11,-1.78,1.56,1144,-57.77,152.43,0.24,1.28,-1,1,1,2050,0,0,0,1,0,22850,22300,22100,23200,24974.166666666668,23911.666666666668,22122.5,21770.0,21880.0
20180125,0.71,7.29,0.24,5.88,2709,2408.33,289.48,0.29,3.02,-1,1,1,2019,0,0,0,1,0,22500,21400,21300,22800,24977.916666666668,23958.333333333332,22097.5,21695.0,21590.0
20180124,0.94,1.64,-0.7,-0.23,108,-71.12,229.41,0.4,0.12,1,1,1,1907,0,0,0,1,0,21250,21500,21150,21650,24984.166666666668,24009.166666666668,22077.5,21685.0,21360.0
20180123,-0.93,0.47,-1.63,-0.93,374,-37.87,84.62,0.4,0.42,1,1,1,1911,0,0,0,1,0,21300,21300,21150,21600,25007.5,24089.166666666668,22115.0,21845.0,21320.0
20180122,-2.8,2.34,-2.8,0.47,602,2.56,456.7,0.4,0.67,1,1,1,1929,0,0,0,1,0,21500,20800,20800,21900,25031.25,24159.166666666668,22125.0,22005.0,21490.0
20180119,-1.17,0.23,-1.17,0.23,587,273.89,259.87,0.4,0.65,1,1,1,1920,0,0,0,1,0,21400,21100,21100,21400,25051.25,24215.0,22167.5,22135.0,21660.0
20180118,0.0,1.43,-1.66,1.43,157,-92.48,70.79,0.4,0.17,1,1,1,1916,0,0,0,1,0,21350,21050,20700,21350,25071.666666666668,24265.833333333332,22247.5,22240.0,21800.0
20180117,-0.68,0.0,-9.48,-4.97,2088,1518.6,20.04,0.4,2.33,1,1,1,1889,0,0,0,1,0,21050,22000,20050,22150,25097.083333333332,24323.333333333332,22367.5,22345.0,22010.0
20180116,0.0,0.0,-1.79,-0.89,129,-78.89,10.28,0.4,0.14,1,1,1,1987,0,0,0,1,0,22150,22350,21950,22350,25124.583333333332,24374.166666666668,22490.0,22475.0,22370.0
20180115,0.0,1.13,-1.36,1.13,611,115.14,27.85,0.4,0.68,1,1,1,2005,0,0,0,1,0,22350,22100,21800,22350,25143.333333333332,24418.333333333332,22617.5,22495.0,22520.0
20180112,0.0,0.22,-2.01,-1.34,284,-71.91,53.63,0.4,0.32,1,1,1,1983,0,0,0,1,0,22100,22400,21950,22450,25157.916666666668,24457.5,22735.0,22475.0,22610.0
20180111,0.0,0.0,-3.72,-1.97,1011,1023.33,15.85,0.4,1.13,1,1,1,2010,0,0,0,1,0,22400,22850,22000,22850,25173.75,24511.666666666668,22880.0,22500.0,22680.0
20180110,0.87,0.87,-0.44,-0.22,90,-44.44,210.71,0.4,0.1,1,1,1,2050,0,0,0,1,0,22850,23100,22800,23100,25187.916666666668,24560.0,23007.5,22470.0,22680.0
20180109,0.0,1.75,0.0,0.44,162,-23.22,126.76,0.4,0.18,1,1,1,2055,0,0,0,1,0,22900,22800,22800,23200,25203.333333333332,24606.666666666668,23087.5,22385.0,22580.0
20180108,0.45,2.9,0.45,1.56,211,-78.31,51.82,0.4,0.24,1,1,1,2046,0,0,0,1,0,22800,22550,22550,23100,25216.666666666668,24655.0,23165.0,22245.0,22470.0
20180105,0.67,2.68,0.0,0.22,973,-93.13,100.47,0.4,1.08,1,1,1,2014,0,0,0,1,0,22450,22550,22400,23000,25231.25,24702.5,23310.0,22200.0,22340.0
20180104,0.89,6.94,-1.34,0.22,14168,3083.82,131.8,0.4,15.79,1,1,-1,2010,0,0,0,1,0,22400,22550,22050,23900,25248.333333333332,24749.166666666668,23457.5,22255.0,22320.0
20180103,0.22,1.57,-2.24,0.0,445,-15.88,115.42,0.4,0.5,1,1,1,2005,0,0,0,1,0,22350,22400,21850,22700,25264.166666666668,24805.0,23610.0,22390.0,22260.0
20180102,0.45,0.9,-2.71,0.9,529,-35.01,55.45,0.4,0.59,1,1,1,2005,0,0,0,1,0,22350,22250,21550,22350,25277.916666666668,24855.0,23777.5,22505.0,22190.0
20171228,-2.01,-0.22,-2.91,-0.89,814,835.63,216.53,0.4,0.91,1,-1,1,1987,0,0,0,1,0,22150,21900,21700,22300,25293.75,24896.666666666668,23950.0,22740.0,22020.0
20171227,0.0,1.13,-0.9,1.13,87,-81.0,33.87,0.4,0.1,1,1,1,2005,0,0,0,1,0,22350,22100,21900,22350,25315.833333333332,24938.333333333332,24115.0,22995.0,22060.0
20171226,-1.36,0.45,-1.36,0.45,458,-79.89,9.38,0.4,0.51,1,1,1,1983,0,0,0,1,0,22100,21700,21700,22100,25332.083333333332,24976.666666666668,24242.5,23260.0,22190.0
20171222,0.7,2.79,0.0,2.33,2277,116.65,11.19,0.4,2.54,1,1,1,1974,0,0,0,1,0,22000,21650,21500,22100,25352.083333333332,25035.0,24362.5,23545.0,22520.0
20171221,0.45,2.01,-3.8,-3.8,1051,70.89,23.8,0.4,1.17,-1,1,1,1929,0,0,0,1,0,21500,22450,21500,22800,25377.083333333332,25097.5,24515.0,23790.0,22820.0
20171220,0.22,1.52,-2.83,-2.83,615,-54.75,6.25,0.46,0.69,1,1,-1,2005,0,0,0,1,0,22350,23050,22350,23350,25404.166666666668,25169.166666666668,24710.0,24085.0,23460.0
20171219,0.0,0.21,-3.58,-3.16,1359,93.87,68.99,0.46,1.51,1,1,-1,2064,0,0,0,1,0,23000,23750,22900,23800,25422.5,25224.166666666668,24862.5,24420.0,23930.0
20171218,0.0,1.49,-0.43,1.06,701,-96.3,21.26,0.46,0.78,1,1,-1,2131,0,0,0,1,0,23750,23500,23400,23850,25435.416666666668,25280.0,24985.0,24660.0,24330.0
20171215,0.0,4.86,-5.47,-4.86,18936,351.07,100.07,0.46,21.11,1,1,1,2108,0,0,0,1,0,23500,24700,23350,25900,25443.333333333332,25324.166666666668,25040.0,24830.0,24570.0
20171214,0.2,1.82,-4.45,0.0,4198,174.92,46.06,0.46,4.68,1,1,-1,2216,0,0,0,1,0,24700,24750,23600,25150,25457.916666666668,25371.666666666668,25127.5,25050.0,24760.0
20171213,0.0,1.6,-3.2,-1.2,1527,22.16,56.73,0.46,1.7,1,1,-1,2216,0,0,0,1,0,24700,25000,24200,25400,25464.583333333332,25416.666666666668,25160.0,25160.0,24710.0
20171212,-1.8,0.2,-1.8,0.2,1250,-8.89,26.17,0.46,1.39,1,1,-1,2243,0,0,0,1,0,25000,24500,24500,25000,25473.333333333332,25469.166666666668,25185.0,25235.0,24910.0
20171211,0.41,2.04,0.0,2.04,1372,-21.87,26.59,0.46,1.53,1,1,-1,2239,0,0,0,1,0,24950,24550,24450,24950,25479.166666666668,25499.166666666668,25185.0,25225.0,24990.0
20171208,0.41,8.38,-1.02,0.0,1756,-19.0,84.43,0.46,1.96,1,1,-1,2194,0,0,0,1,0,24450,24550,24200,26500,25489.166666666668,25533.333333333332,25212.5,25180.0,25090.0
20171207,-1.36,-0.39,-5.64,-4.86,2168,104.72,17.59,0.46,2.42,1,-1,1,2194,0,0,0,1,0,24450,25350,24250,25600,25509.583333333332,25592.5,25310.0,25240.0,25340.0
20171206,0.0,2.36,-1.57,1.18,1059,-6.45,80.8,0.46,1.18,1,-1,1,2306,0,0,0,1,0,25700,25400,25000,26000,25564.583333333332,25653.333333333332,25385.0,25335.0,25610.0
20171205,0.0,0.0,-2.55,-0.2,1132,122.83,18.67,0.46,1.26,1,-1,1,2279,0,0,0,1,0,25400,25450,24800,25450,25549.583333333332,25716.666666666668,25392.5,25305.0,25560.0
20171204,-1.56,-0.39,-2.33,-0.97,508,27.0,4.74,0.46,0.57,1,-1,1,2283,0,0,0,1,0,25450,25300,25100,25600,25537.083333333332,25828.333333333332,25422.5,25310.0,25460.0
20171201,0.0,0.0,-2.52,-0.39,400,-62.41,37.37,0.46,0.45,1,-1,1,2306,0,0,0,1,0,25700,25800,25150,25800,25524.583333333332,25865.0,25435.0,25250.0,25270.0
20171130,0.0,1.57,-0.59,1.38,1064,-62.35,174.68,0.46,1.19,1,-1,1,2315,0,0,0,1,0,25800,25450,25300,25850,25510.416666666668,25896.666666666668,25452.5,25205.0,25140.0
20171129,0.0,4.62,-0.4,2.21,2826,115.07,223.56,0.46,3.15,1,1,-1,2283,0,0,0,1,0,25450,24900,24800,26050,25502.916666666668,25916.666666666668,25467.5,25160.0,25060.0
20171128,0.0,1.84,-0.82,1.63,1314,-97.62,16.2,0.46,1.46,1,1,-1,2234,0,0,0,1,0,24900,24500,24300,24950,25500.416666666668,25926.666666666668,25497.5,25135.0,25050.0
20171127,-1.6,11.18,-2.2,-2.2,55187,5690.87,97.67,0.46,61.51,1,1,-1,2198,0,0,0,1,0,24500,24650,24500,27850,25501.666666666668,25930.0,25535.0,25145.0,25160.0
20171124,0.0,0.39,-1.57,-1.38,953,269.38,217.79,0.46,1.06,1,1,-1,2248,0,0,0,1,0,25050,25400,25000,25500,25506.25,25937.5,25587.5,25245.0,25230.0
20171123,0.0,0.0,-1.97,0.0,258,-26.91,38.33,0.46,0.29,1,-1,1,2279,0,0,0,1,0,25400,25400,24900,25400,25509.166666666668,25944.166666666668,25637.5,25380.0,25270.0
20171122,0.39,0.39,-1.77,-0.2,353,-89.47,33.85,0.46,0.39,1,-1,1,2279,0,0,0,1,0,25400,25550,25000,25550,25512.916666666668,25951.666666666668,25642.5,25435.0,25260.0
20171121,0.0,2.82,-1.21,2.41,3353,-85.97,142.57,0.46,3.74,1,1,-1,2283,0,0,0,1,0,25450,24850,24550,25550,25517.5,25965.0,25615.0,25480.0,25220.0
20171120,-0.59,9.31,-2.38,-1.58,23895,2439.32,133.35,0.46,26.63,-1,1,-1,2230,0,0,0,1,0,24850,25100,24650,27600,25513.75,26035.833333333332,25565.0,25535.0,25130.0
20171117,1.18,1.18,-1.38,-0.39,941,-17.74,98.73,0.58,1.05,-1,1,1,2265,0,0,0,1,0,25250,25650,25000,25650,25506.666666666668,26079.166666666668,25562.5,25620.0,25260.0
20171116,0.0,2.78,-1.39,0.6,1144,-78.69,175.0,0.75,1.28,-1,1,1,2274,0,0,0,1,0,25350,25200,24850,25900,25498.333333333332,26149.166666666668,25505.0,25700.0,25490.0
20171115,-1.0,3.4,-2.2,0.8,5369,311.42,67.34,0.91,5.98,-1,1,1,2261,0,0,0,1,0,25200,24750,24450,25850,25487.916666666668,26207.5,25477.5,25775.0,25610.0
20171114,0.2,0.2,-2.35,-1.96,1305,-94.74,13.82,1.29,1.45,-1,1,1,2243,0,0,0,1,0,25000,25550,24900,25550,25477.5,26222.5,25452.5,25860.0,25740.0
20171113,-0.38,9.47,-3.41,-3.41,24814,547.38,109.17,1.36,27.66,-1,1,1,2288,0,0,0,1,0,25500,26300,25500,28900,25465.0,26207.5,25470.0,25925.0,25940.0
20171110,0.19,3.08,0.0,1.73,3833,369.16,0.0,1.39,4.27,1,1,-1,2369,0,0,0,1,0,26400,26000,25950,26750,25436.666666666668,26190.833333333332,25460.0,25930.0,25980.0
20171109,-1.16,0.39,-1.16,0.39,817,36.62,0.0,1.31,0.91,1,1,-1,2328,0,0,0,1,0,25950,25550,25550,25950,25401.25,26166.666666666668,25422.5,25895.0,25910.0
20171108,0.0,0.38,-1.54,-0.58,598,-25.34,0.0,1.22,0.67,1,1,-1,2319,0,0,0,1,0,25850,26000,25600,26100,25366.666666666668,26140.0,25415.0,25850.0,25940.0
20171107,1.36,1.36,0.0,1.17,801,-25.9,0.0,1.17,0.89,1,1,-1,2333,0,0,0,1,0,26000,26050,25700,26050,25335.833333333332,26124.166666666668,25405.0,25750.0,25980.0
20171106,-0.19,-0.19,-1.34,-1.34,1081,95.83,0.0,1.13,1.2,1,1,-1,2306,0,0,0,1,0,25700,26000,25700,26000,25302.083333333332,26115.833333333332,25367.5,25595.0,25910.0
20171103,-0.38,0.38,-0.38,-0.19,552,-38.87,0.0,1.11,0.62,1,1,-1,2337,0,0,0,1,0,26050,26000,26000,26200,25268.333333333332,26112.5,25370.0,25505.0,25880.0
20171102,0.96,0.96,-1.34,0.19,903,57.87,0.0,1.09,1.01,1,1,-1,2342,0,0,0,1,0,26100,26300,25700,26300,25233.333333333332,26092.5,25335.0,25310.0,25880.0
20171101,0.58,1.75,0.58,1.56,572,48.57,0.0,1.07,0.64,1,1,-1,2337,0,0,0,1,0,26050,25800,25800,26100,25195.0,26074.166666666668,25272.5,25180.0,25760.0
20171031,0.2,2.35,0.2,0.39,385,-62.4,0.0,1.03,0.43,1,1,-1,2301,0,0,0,1,0,25650,25600,25600,26150,25155.416666666668,26036.666666666668,25202.5,25045.0,25520.0
20171030,-2.5,-1.15,-2.5,-1.92,1024,-90.93,0.0,1.03,1.14,1,1,-1,2292,0,0,0,1,0,25550,25400,25400,25750,25120.0,25997.5,25152.5,25015.0,25280.0
20171027,0.78,5.1,-1.57,2.16,11296,-51.25,138.53,1.02,12.59,1,1,1,2337,0,0,0,1,0,26050,25700,25100,26800,25085.416666666668,25959.166666666668,25155.0,24990.0,25130.0
20171026,-1.01,14.69,-1.01,2.62,23169,3922.4,116.0,1.0,25.82,-1,1,1,2288,0,0,0,1,0,25500,24600,24600,28500,25050.0,25925.833333333332,25140.0,24950.0,24740.0
20171025,0.0,1.84,0.0,1.64,576,-63.12,87.25,1.17,0.64,1,1,-1,2230,0,0,0,1,0,24850,24450,24450,24900,25016.666666666668,25903.333333333332,25155.0,24980.0,24600.0
20171024,0.81,0.81,-2.62,-1.41,1562,279.13,31.62,1.13,1.74,1,1,-1,2194,0,0,0,1,0,24450,25000,24150,25000,24986.25,25887.5,25195.0,25060.0,24570.0
20171023,-1.24,4.36,-1.24,2.9,412,-40.55,107.11,1.11,0.46,1,1,-1,2225,0,0,0,1,0,24800,23800,23800,25150,24959.166666666668,25877.5,25290.0,25140.0,24750.0
20171020,-1.21,-0.6,-3.43,-2.82,693,371.43,2.11,1.09,0.77,-1,1,1,2162,0,0,0,1,0,24100,24500,23950,24650,24933.75,25870.833333333332,25370.0,25235.0,24850.0
20171019,0.0,0.81,-0.61,0.4,147,-69.44,133.87,1.09,0.16,-1,1,1,2225,0,0,0,1,0,24800,24700,24550,24900,24911.25,25875.0,25482.5,25360.0,25160.0
20171018,0.39,0.99,-2.56,-2.56,481,32.87,7.8,1.1,0.54,-1,1,1,2216,0,0,0,1,0,24700,25450,24700,25600,24883.333333333332,25868.333333333332,25612.5,25365.0,25360.0
20171017,-0.99,0.4,-0.99,0.2,362,-50.75,17.16,1.13,0.4,1,1,1,2274,0,0,0,1,0,25350,25050,25050,25400,24856.25,25858.333333333332,25770.0,25360.0,25550.0
20171016,0.0,0.78,-2.14,-1.36,735,120.72,177.17,1.12,0.82,-1,1,1,2270,0,0,0,1,0,25300,25650,25100,25850,24819.166666666668,25835.833333333332,25842.5,25290.0,25530.0
20171013,-1.36,-0.19,-2.13,-0.58,333,34.27,47.98,1.16,0.37,-1,1,1,2301,0,0,0,1,0,25650,25450,25250,25750,24786.666666666668,25815.833333333332,25927.5,25320.0,25620.0
20171012,-0.78,0.97,-0.78,0.58,248,-40.24,181.61,1.2,0.28,-1,1,1,2315,0,0,0,1,0,25800,25450,25450,25900,24747.916666666668,25800.0,26045.0,25330.0,25560.0
20171011,0.99,2.38,-1.19,1.58,415,-69.88,103.7,1.2,0.46,1,1,-1,2301,0,0,0,1,0,25650,25500,24950,25850,24707.5,25778.333333333332,26160.0,25330.0,25370.0
20171010,0.39,1.94,-3.3,-1.94,1378,-19.18,23.45,1.18,1.54,-1,1,1,2265,0,0,0,1,0,25250,25850,24900,26250,24667.5,25760.0,26352.5,25330.0,25170.0
20170929,0.39,3.94,-0.39,1.58,1705,22.22,164.95,1.3,1.9,-1,1,1,2310,0,0,0,1,0,25750,25450,25250,26350,24631.666666666668,25747.5,26695.0,25440.0,25050.0
20170928,0.4,3.02,-2.62,2.01,1395,149.11,81.1,1.4,1.55,-1,1,1,2274,0,0,0,1,0,25350,24950,24200,25600,24586.666666666668,25723.333333333332,26790.0,25505.0,25020.0
20170927,0.81,3.65,-2.03,0.81,560,-31.12,153.81,1.49,0.62,1,1,-1,2230,0,0,0,1,0,24850,24850,24150,25550,24546.666666666668,25700.833333333332,26902.5,25605.0,25100.0
20170926,-4.46,2.23,-4.46,0.0,813,-76.52,125.37,1.48,0.91,1,1,1,2212,0,0,0,1,0,24650,23550,23550,25200,24515.416666666668,25690.833333333332,27010.0,25860.0,25290.0
20170925,-2.15,0.2,-6.25,-3.71,3462,286.38,22.78,1.48,3.86,-1,1,1,2212,0,0,0,1,0,24650,25050,24000,25650,24485.0,25693.333333333332,27080.0,26180.0,25490.0
20170922,0.0,0.0,-2.14,-0.58,896,15.61,73.37,1.51,1.0,-1,1,1,2297,0,0,0,1,0,25600,25750,25200,25750,24453.333333333332,25687.5,27102.5,26395.0,25830.0
20170921,-0.19,1.55,-1.94,-0.19,775,-60.56,54.18,1.56,0.86,1,1,-1,2310,0,0,0,1,0,25750,25750,25300,26200,24410.833333333332,25669.166666666668,27070.0,26535.0,25990.0
20170920,0.58,2.53,-1.56,0.58,1965,-32.91,38.03,1.49,2.19,1,1,-1,2315,0,0,0,1,0,25800,25800,25250,26300,24368.75,25656.666666666668,27055.0,26760.0,26110.0
20170919,0.0,0.0,-3.8,-2.66,2929,21.48,17.77,1.46,3.26,1,1,-1,2301,0,0,0,1,0,25650,26350,25350,26350,24332.083333333332,25639.166666666668,27057.5,26990.0,26430.0
20170918,-0.38,0.95,-2.46,-0.19,2411,-23.17,27.04,1.29,2.69,1,1,-1,2364,0,0,0,1,0,26350,26300,25750,26650,24289.166666666668,25620.833333333332,27085.0,27375.0,26870.0
20170915,-0.95,0.95,-1.71,0.19,3138,-92.77,75.12,1.0,3.5,1,1,-1,2369,0,0,0,1,0,26400,26100,25900,26600,24246.25,25590.833333333332,27252.5,27950.0,26960.0
20170914,-0.73,9.67,-3.83,-3.83,43384,865.59,100.62,1.0,48.35,1,1,-1,2364,0,0,0,1,0,26350,27200,26350,30050,24205.416666666668,25562.5,27305.0,28075.0,27080.0
20170913,0.72,1.08,-3.05,-1.62,4493,-15.39,45.04,0.3,5.01,1,1,1,2458,0,0,0,1,0,27400,28050,27000,28150,24166.25,25544.166666666668,27460.0,28200.0,27410.0
20170912,-0.75,4.66,-0.75,3.92,5310,117.89,150.76,0.3,5.92,1,1,-1,2499,0,0,0,1,0,27850,26600,26600,28050,24119.583333333332,25512.5,27532.5,28160.0,27550.0
20170911,-0.19,3.33,-1.85,-0.74,2437,-32.64,72.23,0.23,2.72,1,1,-1,2405,0,0,0,1,0,26800,26950,26500,27900,24070.833333333332,25477.5,27445.0,27980.0,27880.0
20170908,0.0,0.0,-3.57,-3.57,3618,-45.63,48.78,0.23,4.03,1,1,-1,2422,0,0,0,1,0,27000,28000,27000,28000,24030.833333333332,25459.166666666668,27310.0,27810.0,28940.0
20170907,0.0,1.6,-3.2,-0.36,6655,-47.2,62.48,0.17,7.42,1,1,-1,2512,0,0,0,1,0,28000,28100,27200,28550,23987.5,25445.0,27185.0,27605.0,29070.0
20170906,0.17,1.69,-5.42,-4.75,12605,-55.03,44.22,0.06,14.05,1,1,-1,2521,0,0,0,1,0,28100,29550,27900,30000,23939.583333333332,25426.666666666668,27032.5,27350.0,28990.0
20170905,-1.56,-1.4,-11.21,-8.1,28029,9.6,57.83,0.0,31.24,1,1,1,2647,0,0,0,1,0,29500,31600,28500,31650,23895.416666666668,25475.833333333332,26845.0,27125.0,28770.0
20170904,-0.72,18.63,-0.72,16.09,25574,857.47,0.0,0.0,28.5,1,1,1,2880,0,0,0,1,0,32100,27450,27450,32800,23847.083333333332,25382.5,26615.0,26795.0,28080.0
20170901,0.36,0.36,-5.07,0.18,2671,5.95,0.0,0.0,2.98,1,1,-1,2481,0,0,0,1,0,27650,27700,26200,27700,23772.083333333332,25245.833333333332,26285.0,26555.0,26680.0
20170831,-2.04,3.33,-2.04,2.22,2521,-62.4,0.0,0.0,2.81,1,1,-1,2476,0,0,0,1,0,27600,26450,26450,27900,23745.833333333332,25184.166666666668,26177.5,26535.0,26140.0
20170830,1.15,9.4,-1.73,3.65,6705,59.04,0.0,0.0,7.47,1,1,1,2422,0,0,0,1,0,27000,26350,25600,28500,23720.0,25124.166666666668,26040.0,26720.0,25710.0
20170829,0.0,3.78,0.0,3.78,4216,301.52,0.0,0.0,4.7,1,1,1,2337,0,0,0,1,0,26050,25100,25100,26050,23712.083333333332,25089.166666666668,25940.0,26905.0,25480.0
20170828,-0.6,0.6,-0.8,0.6,1050,-76.18,0.0,0.0,1.17,1,1,1,2252,0,0,0,1,0,25100,24800,24750,25100,23677.5,25074.166666666668,25827.5,26910.0,25510.0
20170825,-0.39,-0.39,-1.96,-1.96,4408,30.38,0.0,0.0,4.91,1,1,-1,2239,0,0,0,1,0,24950,25350,24950,25350,23649.166666666668,25073.333333333332,25737.5,26810.0,26430.0
20170824,1.16,1.16,-1.55,-1.55,3381,-26.8,0.0,0.0,3.77,1,1,1,2283,0,0,0,1,0,25450,26150,25450,26150,23621.666666666668,25075.0,25652.5,26765.0,26930.0
20170823,0.0,0.0,-2.29,-1.34,4619,-66.07,0.0,0.0,5.15,1,1,1,2319,0,0,0,1,0,25850,26200,25600,26200,23590.0,25074.166666666668,25582.5,26715.0,27730.0
20170822,-4.38,-3.54,-12.46,-11.78,13614,-70.39,0.0,0.0,15.17,1,1,-1,2351,0,0,0,1,0,26200,28400,26000,28650,23556.666666666668,25074.166666666668,25497.5,26565.0,28330.0
20170821,0.55,12.93,0.0,8.2,45984,7.34,112.56,0.0,51.25,1,1,1,2665,0,0,0,1,0,29700,27600,27450,31000,23522.916666666668,25070.0,25382.5,26435.0,28310.0
20170818,-3.57,7.98,-7.47,-6.79,42841,-38.56,89.86,0.0,47.75,1,1,-1,2463,0,0,0,1,0,27450,28400,27250,31800,23457.916666666668,24991.666666666668,25090.0,26015.0,27190.0
20170817,5.2,17.16,-6.24,2.08,69732,139.38,83.65,0.0,77.72,1,1,-1,2642,0,0,0,1,0,29450,30350,27050,33800,23412.916666666668,24934.166666666668,24937.5,25820.0,26600.0
20170816,7.66,29.89,5.36,10.54,29130,1005.5,0.0,0.0,32.47,1,1,1,2588,0,0,0,1,0,28850,28100,27500,33900,23352.5,24847.5,24682.5,25360.0,25700.0
20170814,1.45,8.3,1.45,8.3,2635,-3.02,0.0,0.0,2.94,1,1,1,2342,0,0,0,1,0,26100,24450,24450,26100,23297.916666666668,24768.333333333332,24460.0,24975.0,24800.0
20170811,-2.24,3.88,-2.86,-1.63,2717,205.62,0.0,0.0,3.03,1,1,-1,2162,0,0,0,1,0,24100,23950,23800,25450,23262.5,24732.5,24360.0,24745.0,24560.0
20170810,0.2,0.2,-5.81,-1.8,889,110.17,0.0,0.0,0.99,1,1,1,2198,0,0,0,1,0,24500,25000,23500,25000,23247.5,24722.5,24355.0,24665.0,24840.0
20170809,0.0,3.49,0.0,2.46,423,-67.91,0.0,0.0,0.47,1,1,1,2239,0,0,0,1,0,24950,24350,24350,25200,23229.166666666668,24682.5,24335.0,24540.0,25040.0
20170808,-0.8,-0.8,-4.02,-2.21,1318,104.02,0.0,0.0,1.47,1,1,1,2185,0,0,0,1,0,24350,24700,23900,24700,23207.5,24635.833333333332,24322.5,24450.0,25020.0
20170807,-1.96,-1.57,-2.75,-2.35,646,-75.64,0.0,0.0,0.72,1,1,1,2234,0,0,0,1,0,24900,25000,24800,25100,23190.416666666668,24593.333333333332,24330.0,24430.0,25150.0
20170804,1.37,1.37,-1.96,0.0,2652,50.68,0.0,0.0,2.96,1,1,1,2288,0,0,0,1,0,25500,25850,25000,25850,23170.0,24547.5,24312.5,24330.0,24930.0
20170803,0.0,4.63,-0.6,2.62,1760,43.09,0.0,0.0,1.96,1,1,1,2288,0,0,0,1,0,25500,24850,24700,26000,23143.75,24488.333333333332,24262.5,24165.0,24490.0
20170802,-0.4,-0.4,-4.6,-0.6,1230,-63.91,0.0,0.0,1.37,1,1,1,2230,0,0,0,1,0,24850,24900,23850,24900,23116.25,24424.166666666668,24202.5,24055.0,24040.0
20170801,0.42,6.93,-0.84,5.04,3408,-52.15,142.28,0.0,3.8,1,1,1,2243,0,0,0,1,0,25000,23900,23600,25450,23097.916666666668,24374.166666666668,24160.0,24005.0,23880.0
20170731,0.86,10.94,-0.64,2.15,7122,-19.12,42.48,0.0,7.94,1,1,1,2135,0,0,0,1,0,23800,23500,23150,25850,23080.416666666668,24315.833333333332,24122.5,23945.0,23710.0
20170728,1.08,14.62,-1.08,0.22,8806,2021.93,79.2,0.0,9.81,1,1,1,2091,0,0,0,1,0,23300,23500,23000,26650,23073.333333333332,24274.166666666668,24172.5,23975.0,23730.0
20170727,-1.87,-0.21,-3.33,-3.33,415,5828.57,33.33,0.0,0.46,1,1,-1,2086,0,0,0,1,0,23250,23600,23250,24000,23069.166666666668,24242.5,24222.5,24045.0,23840.0
20170726,-1.86,-0.21,-1.86,-0.41,7,-97.96,0.0,0.0,0.01,1,1,1,2158,0,0,0,1,0,24050,23700,23700,24100,23070.0,24211.666666666668,24285.0,24130.0,24070.0
20170725,0.42,3.77,-0.84,1.05,343,-57.34,158.33,0.0,0.38,1,1,1,2167,0,0,0,1,0,24150,24000,23700,24800,23062.916666666668,24174.166666666668,24332.5,24195.0,24130.0
20170724,0.0,4.19,-0.21,0.21,804,17.03,80.67,0.0,0.9,1,1,1,2144,0,0,0,1,0,23900,23850,23800,24850,23055.833333333332,24130.0,24362.5,24230.0,24180.0
20170721,0.2,6.97,-4.3,-2.25,687,416.54,32.08,0.0,0.77,1,1,1,2140,0,0,0,1,0,23850,24450,23350,26100,23053.333333333332,24085.0,24395.0,24295.0,24220.0
20170720,-1.44,0.62,-1.44,0.21,133,-48.05,0.0,0.0,0.15,1,1,-1,2189,0,0,0,1,0,24400,24000,24000,24500,23047.083333333332,24040.833333333332,24430.0,24360.0,24250.0
20170719,-1.64,-0.2,-3.69,-0.2,256,-45.99,108.55,0.0,0.29,1,1,1,2185,0,0,0,1,0,24350,24000,23500,24350,23038.333333333332,23996.666666666668,24445.0,24350.0,24190.0
20170718,0.0,1.45,-0.41,1.24,474,323.21,177.84,0.0,0.53,1,1,1,2189,0,0,0,1,0,24400,24100,24000,24450,23035.0,23947.5,24490.0,24315.0,24260.0
20170717,1.67,1.67,0.42,0.42,112,45.45,0.0,0.0,0.12,1,1,1,2162,0,0,0,1,0,24100,24400,24100,24400,23035.833333333332,23898.333333333332,24545.0,24300.0,24280.0
20170714,-0.41,1.66,-1.66,-0.41,77,-84.48,9.09,0.0,0.09,1,1,1,2153,0,0,0,1,0,24000,24000,23700,24500,23026.666666666668,23854.166666666668,24627.5,24370.0,24370.0
20170713,0.2,1.01,-2.43,-2.43,496,-11.11,17.51,0.0,0.55,1,1,1,2162,0,0,0,1,0,24100,24750,24100,24950,23019.583333333332,23802.5,24712.5,24400.0,24470.0
20170712,0.41,0.82,0.2,0.82,558,-32.2,525.71,0.0,0.62,1,1,1,2216,0,0,0,1,0,24700,24600,24550,24700,23010.833333333332,23757.5,24815.0,24440.0,24510.0
20170711,0.81,5.09,-1.83,-0.2,823,64.6,151.72,0.0,0.92,1,1,1,2198,0,0,0,1,0,24500,24750,24100,25800,22997.916666666668,23695.833333333332,24925.0,24470.0,24370.0
20170710,-0.2,6.12,-1.22,0.2,500,281.68,249.6,0.0,0.56,1,1,1,2203,0,0,0,1,0,24550,24450,24200,26000,22987.5,23636.666666666668,25252.5,24495.0,24320.0
20170707,-1.23,0.82,-1.85,0.82,131,-52.88,94.44,0.0,0.15,1,1,1,2198,0,0,0,1,0,24500,24000,23850,24500,22975.416666666668,23575.0,25220.0,24495.0,24370.0
20170706,1.46,2.08,-0.42,1.25,278,-8.25,6.35,0.0,0.31,1,1,1,2180,0,0,0,1,0,24300,24350,23900,24500,22964.166666666668,23515.833333333332,25190.0,24500.0,24330.0
20170705,1.65,1.65,-1.03,-1.03,303,-61.55,27.27,0.0,0.34,1,1,1,2153,0,0,0,1,0,24000,24650,24000,24650,22953.333333333332,23450.0,25172.5,24540.0,24370.0
20170704,0.2,0.2,-2.42,-2.22,788,-38.82,314.39,0.0,0.88,1,1,1,2176,0,0,0,1,0,24250,24850,24200,24850,22947.916666666668,23392.5,25172.5,24665.0,24570.0
20170703,-0.62,2.06,-0.62,2.06,1288,-20.88,43.36,0.0,1.44,1,1,1,2225,0,0,0,1,0,24800,24150,24150,24800,22940.833333333332,23340.0,25205.0,24790.0,24670.0
20170630,1.22,1.22,-1.43,-0.82,1628,-88.95,56.32,0.0,1.81,1,1,1,2180,0,0,0,1,0,24300,24800,24150,24800,22929.166666666668,23276.666666666668,25222.5,24885.0,24620.0
20170629,2.0,3.0,-3.0,-2.0,14727,-71.51,69.84,0.0,16.41,1,1,-1,2198,0,0,0,1,0,24500,25500,24250,25750,22920.416666666668,23219.166666666668,25260.0,25025.0,24670.0
20170628,-2.22,11.92,-2.22,1.01,51690,1282.09,139.8,0.0,57.61,1,1,1,2243,0,0,0,1,0,25000,24200,24200,27700,22909.583333333332,23152.5,25287.5,25190.0,24710.0
20170627,0.0,0.81,-0.2,0.81,3740,86.35,0.0,0.0,4.17,1,1,1,2221,0,0,0,1,0,24750,24550,24500,24750,22895.0,23080.833333333332,25307.5,25380.0,24760.0
20170626,2.44,3.05,-0.2,0.0,2007,77.3,0.0,0.0,2.24,1,1,1,2203,0,0,0,1,0,24550,25150,24500,25300,22881.25,23025.0,25362.5,26010.0,24910.0
20170623,0.81,0.81,-0.81,-0.61,1132,-63.28,0.0,0.0,1.26,1,1,1,2203,0,0,0,1,0,24550,24900,24500,24900,22871.666666666668,22957.5,25432.5,25945.0,25150.0
20170622,0.59,2.18,-2.77,-2.18,3083,-7.03,0.0,0.0,3.44,1,1,1,2216,0,0,0,1,0,24700,25400,24550,25800,22861.666666666668,22901.666666666668,25455.0,25880.0,25380.0
20170621,-1.96,-0.78,-1.96,-0.98,3316,70.66,0.0,0.0,3.7,1,1,-1,2265,0,0,0,1,0,25250,25000,25000,25300,22845.833333333332,22848.333333333332,25420.0,25805.0,25670.0
20170620,0.97,0.97,-2.14,-0.97,1943,-31.9,0.0,0.0,2.17,1,1,-1,2288,0,0,0,1,0,25500,26000,25200,26000,22830.833333333332,22788.333333333332,25370.0,25680.0,26000.0
20170619,0.0,2.92,-1.56,0.19,2853,-14.78,0.0,0.0,3.18,1,1,1,2310,0,0,0,1,0,25750,25700,25300,26450,22812.5,22726.666666666668,25300.0,25620.0,27110.0
20170616,1.34,1.34,-1.72,-1.72,3348,-63.14,0.0,0.0,3.73,1,1,1,2306,0,0,0,1,0,25700,26500,25700,26500,22793.75,22664.166666666668,25210.0,25560.0,26740.0
20170615,-1.86,-1.3,-4.65,-2.79,9082,-68.18,0.0,0.0,10.12,1,1,1,2346,0,0,0,1,0,26150,26400,25650,26550,22772.916666666668,22602.5,25100.0,25495.0,26380.0
20170614,-3.38,-3.38,-13.53,-13.37,28538,-58.65,0.0,0.0,31.81,1,1,1,2414,0,0,0,1,0,26900,30000,26850,30000,22752.5,22530.0,24897.5,25385.0,25940.0
20170613,1.67,29.92,1.67,29.92,69021,11214.92,150.23,0.0,76.93,1,1,-1,2786,0,0,0,1,0,31050,24300,24300,31050,22726.666666666668,22452.5,24660.0,25235.0,25360.0
20170612,-1.88,0.42,-1.88,0.0,610,1933.33,64.8,0.0,0.68,1,1,1,2144,0,0,0,1,0,23900,23450,23450,24000,22664.583333333332,22315.0,24197.5,24715.0,24130.0
20170609,1.04,1.04,-3.34,-0.21,30,-97.46,64.29,0.0,0.03,1,1,1,2144,0,0,0,1,0,23900,24200,23150,24200,22668.75,22311.666666666668,24110.0,24920.0,24380.0
20170608,-2.08,1.67,-3.75,-0.21,1180,-25.79,42.02,0.0,1.32,1,1,1,2149,0,0,0,1,0,23950,23500,23100,24400,22670.833333333332,22298.333333333332,24012.5,25030.0,24610.0
20170607,-0.6,1.61,-5.62,-3.61,1590,616.22,21.85,0.0,1.77,1,1,1,2153,0,0,0,1,0,24000,24750,23500,25300,22671.25,22307.5,23897.5,25035.0,24830.0
20170605,0.0,1.99,-2.19,-0.99,222,-94.34,14.84,0.0,0.25,1,1,1,2234,0,0,0,1,0,24900,25150,24600,25650,22668.75,22315.833333333332,23790.0,25060.0,25110.0
20170602,0.0,9.78,-0.2,0.4,3923,3784.16,26.66,0.0,4.37,1,1,1,2257,0,0,0,1,0,25150,25050,25000,27500,22657.083333333332,22335.0,23620.0,24980.0,25300.0
20170601,0.2,0.2,-2.2,0.0,101,-57.56,0.0,0.0,0.11,1,1,1,2248,0,0,0,1,0,25050,25100,24500,25100,22640.0,22280.833333333332,23427.5,24860.0,25460.0
20170531,-0.39,-0.39,-3.35,-1.38,238,80.3,0.0,0.0,0.27,1,1,1,2248,0,0,0,1,0,25050,25300,24550,25300,22630.416666666668,22225.0,23245.0,24705.0,25450.0
20170530,1.16,1.16,-3.29,-1.74,132,-74.12,0.0,0.0,0.15,1,1,1,2279,0,0,0,1,0,25400,26150,25000,26150,22619.583333333332,22168.333333333332,23062.5,24410.0,25240.0
20170529,5.97,5.97,-1.54,-0.39,510,-66.62,0.0,0.0,0.57,1,1,1,2319,0,0,0,1,0,25850,27500,25550,27500,22607.083333333332,22105.833333333332,22882.5,24085.0,25010.0
20170526,-0.2,4.0,-1.6,3.8,1528,-66.54,0.0,0.0,1.7,1,1,1,2328,0,0,0,1,0,25950,24950,24600,26000,22590.416666666668,22039.166666666668,22665.0,23680.0,24660.0
20170525,-1.25,10.42,-2.08,4.17,4567,1038.9,0.0,0.0,5.09,1,1,1,2243,0,0,0,1,0,25000,23700,23500,26500,22568.75,21975.833333333332,22427.5,23300.0,24260.0
20170524,-1.03,0.0,-1.44,-1.03,401,-68.99,0.0,0.0,0.45,1,1,1,2153,0,0,0,1,0,24000,24000,23900,24250,22558.75,21924.166666666668,22237.5,22995.0,23960.0
20170523,0.0,1.04,-0.83,0.62,1293,-3.72,0.0,0.0,1.44,1,1,1,2176,0,0,0,1,0,24250,24100,23900,24350,22564.583333333332,21891.666666666668,22125.0,22760.0,23580.0
20170522,1.88,3.55,-0.63,0.63,1343,-61.63,0.0,0.0,1.5,1,1,1,2162,0,0,0,1,0,24100,24400,23800,24800,22563.333333333332,21857.5,21982.5,22520.0,23160.0
20170519,-2.13,1.91,-3.19,1.91,3500,-86.58,0.0,0.0,3.9,1,1,1,2149,0,0,0,1,0,23950,23000,22750,23950,22563.75,21827.5,21850.0,22260.0,22700.0
20170518,-0.45,23.08,-0.45,6.33,26088,8989.9,71.16,0.0,29.08,1,1,1,2108,0,0,0,1,0,23500,22000,22000,27200,22571.25,21792.5,21725.0,21995.0,22340.0
20170517,0.0,0.68,-1.81,-0.23,287,145.3,23.45,0.0,0.32,1,1,1,1983,0,0,0,1,0,22100,22150,21750,22300,22579.166666666668,21772.5,21595.0,21785.0,22030.0
20170516,-1.15,2.06,-1.15,1.61,117,-41.21,202.7,0.0,0.13,1,1,1,1987,0,0,0,1,0,22150,21550,21550,22250,22604.166666666668,21775.833333333332,21560.0,21715.0,21940.0
20170515,0.23,0.23,-2.03,-1.58,199,-73.14,4.79,0.0,0.22,1,1,1,1956,0,0,0,1,0,21800,22200,21700,22200,22628.75,21779.166666666668,21502.5,21680.0,21880.0
20170512,-1.59,0.91,-1.82,0.91,741,59.35,40.87,0.0,0.83,1,1,1,1987,0,0,0,1,0,22150,21600,21550,22150,22663.75,21787.5,21460.0,21650.0,21820.0
20170511,3.0,5.08,-0.23,1.39,465,-75.89,60.31,0.0,0.52,1,1,1,1969,0,0,0,1,0,21950,22300,21600,22750,22695.833333333332,21792.5,21395.0,21555.0,21650.0
20170510,-0.23,5.03,-1.6,-0.92,1929,13678.57,151.98,0.0,2.15,1,1,1,1942,0,0,0,1,0,21650,21800,21500,22950,22725.833333333332,21799.166666666668,21345.0,21480.0,21540.0
20170508,0.0,1.63,0.0,1.63,14,-90.48,0.0,0.0,0.02,1,1,1,1960,0,0,0,1,0,21850,21500,21500,21850,22757.083333333332,21808.333333333332,21280.0,21490.0,21490.0
20170504,-1.41,0.94,-1.41,0.94,147,70.93,2760.0,0.0,0.16,1,1,1,1929,0,0,0,1,0,21500,21000,21000,21500,22794.583333333332,21821.666666666668,21215.0,21445.0,21480.0
20170502,0.0,0.0,-1.87,-0.47,86,-1.15,1560.0,0.0,0.1,1,1,1,1911,0,0,0,1,0,21300,21400,21000,21400,22831.666666666668,21845.0,21195.0,21440.0,21480.0
20170428,0.0,3.27,-2.34,0.0,87,-26.27,100.0,0.0,0.1,1,1,1,1920,0,0,0,1,0,21400,21400,20900,22100,22875.0,21872.5,21180.0,21455.0,21460.0
20170427,0.0,0.92,-1.83,-1.83,118,1080.0,28.57,0.0,0.13,1,1,1,1920,0,0,0,1,0,21400,21800,21400,22000,22922.5,21895.833333333332,21152.5,21405.0,21420.0
20170426,-0.23,1.4,-0.23,1.4,10,-97.23,0.0,0.0,0.01,1,1,1,1956,0,0,0,1,0,21800,21450,21450,21800,22970.0,21928.333333333332,21107.5,21405.0,21490.0
20170425,-1.65,1.65,-1.65,1.42,361,-72.73,189.26,0.0,0.4,1,1,1,1929,0,0,0,1,0,21500,20850,20850,21550,23013.333333333332,21951.666666666668,21052.5,21325.0,21410.0
20170424,-1.89,0.71,-2.36,0.0,1324,468.24,10.38,0.0,1.48,1,1,1,1902,0,0,0,1,0,21200,20800,20700,21350,23057.5,21981.666666666668,21047.5,21270.0,21400.0
20170421,-0.23,0.92,-2.53,-2.53,233,104.39,58.02,0.0,0.26,1,1,1,1902,0,0,0,1,0,21200,21700,21200,21950,23107.5,22021.666666666668,21012.5,21235.0,21450.0
20170420,0.0,1.87,0.0,1.64,114,42.5,0.0,0.0,0.13,1,1,1,1951,0,0,0,1,0,21750,21400,21400,21800,23155.0,22053.333333333332,21012.5,21210.0,21390.0
20170419,-0.23,-0.23,-2.1,-0.23,80,50.94,23.44,0.0,0.09,1,1,1,1920,0,0,0,1,0,21400,21400,21000,21400,23195.0,22080.0,21000.0,21070.0,21320.0
20170418,-1.4,0.23,-2.1,0.0,53,-94.18,36.84,0.0,0.06,1,1,1,1925,0,0,0,1,0,21450,21150,21000,21500,23240.416666666668,22122.5,21012.5,20985.0,21240.0
20170417,-1.2,3.11,-1.2,2.63,911,171.13,422.44,0.0,1.02,1,1,1,1925,0,0,0,1,0,21450,20650,20650,21550,23285.0,22173.333333333332,21030.0,20950.0,21140.0
20170414,0.0,0.7,-2.57,-2.34,336,-81.29,14.98,0.0,0.37,1,1,1,1875,0,0,0,1,0,20900,21400,20850,21550,23339.583333333332,22199.166666666668,21057.5,20905.0,21020.0
20170413,0.24,3.81,-0.48,1.9,1796,807.07,227.19,0.0,2.0,1,1,1,1920,0,0,0,1,0,21400,21050,20900,21800,23402.916666666668,22236.666666666668,21112.5,20900.0,21030.0
20170412,0.24,0.24,-1.43,0.24,198,-72.07,361.9,0.0,0.22,1,1,1,1884,0,0,0,1,0,21000,21000,20650,21000,23458.75,22264.166666666668,21132.5,20810.0,20820.0
20170411,1.2,1.44,-1.2,0.48,709,131.7,43.03,0.0,0.79,1,1,1,1880,0,0,0,1,0,20950,21100,20600,21150,23531.25,22300.0,21195.0,20780.0,20730.0
20170410,0.48,0.48,-2.39,-0.48,306,-85.67,17.76,0.0,0.34,1,1,-1,1871,0,0,0,1,0,20850,21050,20450,21050,23590.0,22338.333333333332,21287.5,20825.0,20760.0
20170407,2.21,3.44,0.74,2.95,2136,187.48,22.28,0.0,2.38,1,1,-1,1880,0,0,0,1,0,20950,20800,20500,21050,23649.583333333332,22375.833333333332,21430.0,20790.0,20790.0
20170406,0.0,1.95,-1.7,-0.97,743,-60.27,170.99,0.0,0.83,1,1,1,1826,0,0,0,1,0,20350,20550,20200,20950,23710.833333333332,22412.5,21537.5,20815.0,20770.0
20170405,0.0,0.47,-4.03,-2.61,1870,24.92,12.41,0.0,2.08,1,1,1,1844,0,0,0,1,0,20550,21100,20250,21200,23776.25,22456.666666666668,21745.0,20930.0,20800.0
20170404,-0.24,1.43,-2.86,0.48,1497,250.59,615.08,0.0,1.67,1,1,1,1893,0,0,0,1,0,21100,20950,20400,21300,23837.083333333332,22503.333333333332,21942.5,21040.0,20830.0
20170403,0.0,0.96,-1.2,0.72,427,-31.79,160.0,0.0,0.48,1,1,1,1884,0,0,0,1,0,21000,20850,20600,21050,23898.333333333332,22541.666666666668,22190.0,21110.0,20890.0
20170331,-0.73,2.44,-0.73,1.71,626,-46.45,80.14,0.0,0.7,1,1,1,1871,0,0,0,1,0,20850,20350,20350,21000,23959.583333333332,22581.666666666668,22235.0,21210.0,20790.0
20170330,-0.24,1.45,-1.21,-0.97,1169,-62.14,51.5,0.0,1.3,1,1,1,1839,0,0,0,1,0,20500,20650,20450,21000,24022.083333333332,22621.666666666668,22277.5,21325.0,20860.0
20170329,0.47,3.27,-3.27,-3.27,3088,-47.73,51.39,0.0,3.44,1,1,1,1857,0,0,0,1,0,20700,21500,20700,22100,24084.583333333332,22666.666666666668,22335.0,21455.0,21060.0
20170328,0.49,11.22,-2.44,4.39,5908,209.64,95.41,0.0,6.58,1,1,1,1920,0,0,0,1,0,21400,20600,20000,22800,24161.25,22709.166666666668,22382.5,21610.0,21250.0
20170327,-0.94,1.42,-3.3,-3.3,1908,-37.09,17.66,0.0,2.13,1,1,1,1839,0,0,0,1,0,20500,21000,20500,21500,24224.583333333332,22737.5,22405.0,21750.0,21330.0
20170324,0.0,4.19,-2.33,-1.4,3033,85.39,53.99,0.0,3.38,1,1,1,1902,0,0,0,1,0,21200,21500,21000,22400,24297.5,22785.833333333332,22487.5,22070.0,21630.0
20170323,1.62,3.7,-1.39,-0.69,1636,-54.29,27.45,0.0,1.82,1,1,1,1929,0,0,0,1,0,21500,22000,21350,22450,24349.166666666668,22821.666666666668,22522.5,22260.0,21790.0
20170322,2.06,6.65,-0.69,-0.69,3579,121.61,45.95,0.0,3.99,1,1,1,1942,0,0,0,1,0,21650,22250,21650,23250,24394.583333333332,22843.333333333332,22550.0,22560.0,21850.0
20170321,0.0,0.0,-2.27,-0.91,1615,-18.97,0.0,0.0,1.8,1,1,1,1956,0,0,0,1,0,21800,22000,21500,22000,24440.833333333332,22873.333333333332,22577.5,22845.0,21970.0
20170320,0.45,0.45,-2.5,0.0,1993,5.45,0.0,0.0,2.22,1,1,1,1974,0,0,0,1,0,22000,22100,21450,22100,24486.25,22898.333333333332,22602.5,23270.0,22170.0
20170317,0.0,1.83,-0.69,0.92,1890,3.34,0.0,0.0,2.11,1,1,1,1974,0,0,0,1,0,22000,21800,21650,22200,24531.666666666668,22923.333333333332,22595.0,23260.0,22510.0
20170316,0.0,1.8,-2.02,-2.02,1829,-45.53,0.0,0.0,2.04,1,1,1,1956,0,0,0,1,0,21800,22250,21800,22650,24578.75,22943.333333333332,22610.0,23230.0,22730.0
20170315,0.0,0.0,-3.51,-2.41,3358,125.37,0.0,0.0,3.74,1,1,1,1996,0,0,0,1,0,22250,22800,22000,22800,24626.666666666668,22975.0,22635.0,23215.0,23270.0
20170314,0.0,2.53,-3.8,-3.8,1490,-50.0,0.0,0.0,1.66,1,1,1,2046,0,0,0,1,0,22800,23700,22800,24300,24679.583333333332,23000.833333333332,22640.0,23155.0,23720.0
20170313,0.65,4.98,-1.08,2.6,2980,-18.13,0.0,0.0,3.32,1,1,1,2126,0,0,0,1,0,23700,23250,22850,24250,24733.75,23014.166666666668,22615.0,23060.0,24370.0
20170310,-1.63,-1.63,-6.12,-5.71,3640,-49.24,0.0,0.0,4.06,1,1,1,2073,0,0,0,1,0,23100,24100,23000,24100,24773.75,23025.833333333332,22552.5,22905.0,24010.0
20170309,-4.08,4.9,-4.69,0.0,7171,-35.76,0.0,0.0,7.99,1,1,1,2198,0,0,0,1,0,24500,23500,23350,25700,24813.75,23043.333333333332,22515.0,22785.0,23730.0
20170308,2.5,2.5,-6.33,-5.95,11163,-82.11,0.0,0.0,12.44,1,1,-1,2198,0,0,0,1,0,24500,26700,24400,26700,24837.083333333332,23035.0,22400.0,22540.0,23160.0
20170307,0.23,28.77,0.23,18.95,62406,539.14,98.6,0.0,69.55,1,1,1,2337,0,0,0,1,0,26050,21950,21950,28200,24865.416666666668,23021.666666666668,22307.5,22310.0,22590.0
20170306,-0.92,14.75,-0.92,0.92,9764,2922.91,75.45,0.0,10.88,1,1,1,1965,0,0,0,1,0,21900,21500,21500,24900,24877.916666666668,22979.166666666668,22150.0,21935.0,21750.0
20170303,0.0,0.46,-0.92,0.23,323,602.17,242.55,0.0,0.36,1,1,1,1947,0,0,0,1,0,21700,21650,21450,21750,24932.083333333332,22999.166666666668,22202.5,21930.0,21800.0
20170302,-0.23,0.0,-0.92,0.0,46,-80.26,1850.0,0.0,0.05,1,1,1,1942,0,0,0,1,0,21650,21600,21450,21650,24986.666666666668,23035.833333333332,22257.5,21990.0,21840.0
20170228,0.23,0.23,-2.52,-0.92,233,-42.33,14.93,0.0,0.26,1,1,1,1942,0,0,0,1,0,21650,21900,21300,21900,25043.333333333332,23070.833333333332,22342.5,22055.0,21920.0
20170227,1.35,1.35,-1.81,-1.35,404,208.4,18.92,0.0,0.45,1,1,1,1960,0,0,0,1,0,21850,22450,21750,22450,25124.583333333332,23108.333333333332,22420.0,22125.0,22030.0
20170224,2.51,2.51,-0.23,1.14,131,39.36,8.4,0.0,0.15,1,1,1,1987,0,0,0,1,0,22150,22450,21850,22450,25224.166666666668,23141.666666666668,22492.5,22170.0,22120.0
20170223,-0.23,-0.23,-1.36,-0.68,94,-82.2,54.24,0.0,0.1,1,1,1,1965,0,0,0,1,0,21900,22000,21750,22000,25256.25,23161.666666666668,22565.0,22200.0,22060.0
20170222,-0.9,-0.23,-2.03,-0.68,528,-2.94,43.52,0.0,0.59,1,1,1,1978,0,0,0,1,0,22050,22000,21750,22150,25286.25,23193.333333333332,22625.0,22245.0,22140.0
20170221,-1.57,-0.45,-2.69,-0.45,544,-21.39,87.76,0.0,0.61,1,1,1,1992,0,0,0,1,0,22200,21950,21700,22200,25316.25,23237.5,22690.0,22260.0,22190.0
20170220,0.69,2.52,-1.6,2.06,692,-0.57,23.48,0.0,0.77,1,1,1,2001,0,0,0,1,0,22300,22000,21500,22400,25353.333333333332,23269.166666666668,22777.5,22305.0,22220.0
20170217,-1.35,-0.67,-2.69,-2.02,696,700.0,22.81,0.0,0.78,1,1,1,1960,0,0,0,1,0,21850,22000,21700,22150,25380.833333333332,23300.0,22887.5,22365.0,22220.0
20170216,-1.12,0.0,-2.24,0.0,87,-86.8,59.26,0.0,0.1,1,1,1,2001,0,0,0,1,0,22300,22050,21800,22300,25415.833333333332,23350.0,22945.0,22475.0,22340.0
20170215,-1.57,-0.22,-2.46,-0.22,659,151.53,29.12,0.0,0.73,1,1,1,2001,0,0,0,1,0,22300,22000,21800,22300,25441.25,23385.833333333332,22987.5,22525.0,22350.0
20170214,0.0,0.9,-1.79,0.22,262,-71.11,21.36,0.0,0.29,1,1,1,2005,0,0,0,1,0,22350,22300,21900,22500,25477.5,23432.5,23025.0,22630.0,22330.0
20170213,-1.11,-0.67,-3.12,-0.67,907,543.26,9.16,0.0,1.01,1,1,1,2001,0,0,0,1,0,22300,22200,21750,22300,25504.583333333332,23478.333333333332,23065.0,22715.0,22390.0
20170210,1.79,1.79,-0.67,0.45,141,-49.28,14.91,0.0,0.16,1,1,1,2014,0,0,0,1,0,22450,22750,22200,22750,25534.583333333332,23540.0,23112.5,22815.0,22510.0
20170209,0.9,1.35,-0.9,0.68,278,-50.18,67.32,0.0,0.31,1,1,1,2005,0,0,0,1,0,22350,22400,22000,22500,25568.333333333332,23599.166666666668,23145.0,22930.0,22610.0
20170208,-0.22,-0.22,-2.65,-1.99,558,-76.76,4.21,0.0,0.62,1,1,1,1992,0,0,0,1,0,22200,22600,22050,22600,25605.416666666668,23652.5,23185.0,23005.0,22700.0
20170207,0.0,0.0,-2.62,-1.09,2401,342.17,34.01,0.0,2.68,1,1,-1,2032,0,0,0,1,0,22650,22900,22300,22900,25652.916666666668,23705.833333333332,23225.0,23120.0,22930.0
20170206,0.0,0.0,-1.53,-0.22,543,21.75,52.45,0.0,0.61,1,1,-1,2055,0,0,0,1,0,22900,22950,22600,22950,25683.333333333332,23767.5,23260.0,23250.0,23040.0
20170203,1.75,2.19,-1.1,0.66,446,-27.95,32.21,0.0,0.5,1,1,1,2059,0,0,0,1,0,22950,23200,22550,23300,25727.5,23818.333333333332,23285.0,23410.0,23120.0
20170202,-1.5,-0.43,-2.36,-2.36,619,10.34,24.67,0.0,0.69,1,1,1,2046,0,0,0,1,0,22800,23000,22800,23250,25744.166666666668,23877.5,23307.5,23415.0,23250.0
20170201,-0.22,1.29,-0.86,0.65,561,-51.43,27.38,0.0,0.63,1,1,1,2095,0,0,0,1,0,23350,23150,23000,23500,25795.416666666668,23949.166666666668,23330.0,23450.0,23310.0
20170131,0.0,1.07,-1.29,-0.43,1155,176.98,19.12,0.0,1.29,1,1,1,2082,0,0,0,1,0,23200,23300,23000,23550,25786.666666666668,24011.666666666668,23322.5,23420.0,23310.0
20170126,-0.64,0.42,-1.27,-1.27,417,-47.94,72.17,0.0,0.46,1,1,1,2091,0,0,0,1,0,23300,23450,23300,23700,25777.916666666668,24075.0,23325.0,23415.0,23460.0
20170125,-0.43,3.9,-0.43,2.16,801,136.98,435.56,0.0,0.89,1,1,1,2117,0,0,0,1,0,23600,23000,23000,24000,25766.666666666668,24133.333333333332,23315.0,23410.0,23700.0
20170124,-1.93,0.21,-1.93,-1.07,338,-81.62,29.94,0.0,0.38,1,1,1,2073,0,0,0,1,0,23100,22900,22900,23400,25752.083333333332,24193.333333333332,23305.0,23360.0,23580.0
20170123,-0.42,-0.42,-3.76,-2.51,1839,38.9,10.22,0.0,2.05,1,1,1,2095,0,0,0,1,0,23350,23850,23050,23850,25757.916666666668,24256.666666666668,23317.5,23365.0,23590.0
20170120,-2.45,-0.82,-4.49,-2.24,1324,-89.59,32.46,0.0,1.48,1,1,-1,2149,0,0,0,1,0,23950,23900,23400,24300,25775.0,24310.0,23290.0,23330.0,23530.0
20170119,0.65,17.39,-0.87,6.52,12714,2985.92,82.56,0.0,14.17,1,1,-1,2198,0,0,0,1,0,24500,23150,22800,27000,25789.166666666668,24358.333333333332,23265.0,23270.0,23370.0
20170118,0.0,0.22,-1.51,-0.65,412,-71.17,142.42,0.0,0.46,1,1,1,2064,0,0,0,1,0,23000,23150,22800,23200,25791.25,24396.666666666668,23205.0,23160.0,23120.0
20170117,0.43,1.08,-1.3,0.43,1429,-47.46,91.54,0.0,1.59,1,1,1,2077,0,0,0,1,0,23150,23150,22750,23300,25832.5,24480.0,23230.0,23200.0,23140.0
20170116,0.0,1.73,-3.24,-0.43,2720,1331.58,35.7,0.0,3.03,1,1,1,2068,0,0,0,1,0,23050,23150,22400,23550,25818.75,24569.166666666668,23232.5,23210.0,23140.0
20170113,-1.72,-0.22,-1.72,-0.43,190,4.97,38.02,0.0,0.21,1,1,1,2077,0,0,0,1,0,23150,22850,22850,23200,25815.833333333332,24653.333333333332,23265.0,23225.0,23130.0
20170112,1.08,1.08,-1.08,0.65,181,-42.17,228.85,0.0,0.2,1,1,1,2086,0,0,0,1,0,23250,23350,22850,23350,25812.083333333332,24762.5,23297.5,23235.0,23170.0
20170111,0.0,0.22,-0.65,-0.22,313,-13.77,6450.0,0.0,0.35,1,1,1,2073,0,0,0,1,0,23100,23150,23000,23200,25809.166666666668,24841.666666666668,23315.0,23220.0,23200.0
20170110,0.65,0.65,-0.87,0.65,363,-24.06,12.42,0.0,0.4,1,1,1,2077,0,0,0,1,0,23150,23150,22800,23150,25807.5,24923.333333333332,23380.0,23250.0,23260.0
20170109,0.0,0.0,-2.36,-1.5,478,-24.13,31.97,0.0,0.53,1,1,1,2064,0,0,0,1,0,23000,23350,22800,23350,25805.833333333332,25009.166666666668,23430.0,23270.0,23280.0
20170106,0.0,0.64,-1.28,-0.21,630,-47.59,121.28,0.0,0.7,1,1,1,2095,0,0,0,1,0,23350,23400,23100,23550,25810.833333333332,25095.833333333332,23480.0,23250.0,23320.0
20170105,0.0,1.28,-1.71,0.0,1202,262.05,10.58,0.0,1.34,1,1,1,2099,0,0,0,1,0,23400,23400,23000,23700,25804.166666666668,25170.833333333332,23497.5,23260.0,23300.0
20170104,0.86,0.86,-0.22,0.65,332,-8.29,55.4,0.0,0.37,1,1,1,2099,0,0,0,1,0,23400,23450,23200,23450,25805.0,25255.0,23502.5,23250.0,23240.0
20170103,0.43,0.65,-0.86,0.22,362,-77.93,7.55,0.0,0.4,1,1,1,2086,0,0,0,1,0,23250,23300,23000,23350,25804.166666666668,25337.5,23487.5,23260.0,23240.0
20170102,0.0,2.8,-1.08,-0.22,1640,1404.59,60.99,0.0,1.83,1,1,1,2082,0,0,0,1,0,23200,23250,23000,23900,25804.583333333332,25422.5,23520.0,23255.0,23260.0
20161229,0.22,0.65,-0.43,0.65,109,-79.81,7.46,0.0,0.12,1,1,1,2086,0,0,0,1,0,23250,23150,23000,23250,25805.0,25502.5,23547.5,23305.0,23180.0
20161228,0.43,0.43,-2.56,-1.28,540,116.87,41.52,0.0,0.6,1,1,1,2073,0,0,0,1,0,23100,23500,22800,23500,25802.083333333332,25613.333333333332,23580.0,23360.0,23220.0
20161227,-1.71,0.21,-3.21,0.21,249,453.33,42.45,0.0,0.28,1,1,1,2099,0,0,0,1,0,23400,22950,22600,23400,25798.333333333332,25711.666666666668,23617.5,23410.0,23260.0
20161226,0.44,2.41,0.44,2.41,45,-92.65,0.0,0.0,0.05,1,1,1,2095,0,0,0,1,0,23350,22900,22900,23350,25793.333333333332,25809.166666666668,23615.0,23510.0,23280.0
20161223,-1.07,-0.64,-3.2,-2.77,612,-26.27,52.74,0.0,0.68,1,1,1,2046,0,0,0,1,0,22800,23200,22700,23300,25792.916666666668,25876.666666666668,23637.5,23590.0,23250.0
20161222,0.0,0.86,-3.86,0.64,830,16.08,27.97,0.0,0.93,1,1,1,2104,0,0,0,1,0,23450,23300,22400,23500,25795.833333333332,25945.833333333332,23732.5,23710.0,23430.0
20161221,0.0,1.49,-2.13,-0.85,715,-1.38,43.44,0.0,0.8,1,1,1,2091,0,0,0,1,0,23300,23500,23000,23850,25792.916666666668,26008.333333333332,23765.0,23735.0,23500.0
20161220,0.0,1.94,-0.22,1.29,725,39.96,30.44,0.0,0.81,1,1,1,2108,0,0,0,1,0,23500,23200,23150,23650,25791.666666666668,26074.166666666668,23807.5,23755.0,23560.0
20161219,-1.48,-0.42,-2.53,-2.11,518,-47.52,13.71,0.0,0.58,-1,1,1,2082,0,0,0,1,0,23200,23350,23100,23600,25789.166666666668,26140.0,23875.0,23715.0,23740.0
20161216,0.0,0.0,-1.89,-0.42,987,163.2,46.06,0.01,1.1,-1,1,1,2126,0,0,0,1,0,23700,23800,23350,23800,25793.75,26214.166666666668,23937.5,23785.0,23930.0
20161215,0.85,0.85,-0.64,0.85,375,-60.98,33.7,0.05,0.42,-1,1,1,2135,0,0,0,1,0,23800,23800,23450,23800,25783.75,26278.333333333332,24007.5,23790.0,23990.0
20161214,-1.84,0.41,-5.74,-3.28,961,57.54,19.15,0.09,1.07,-1,1,1,2117,0,0,0,1,0,23600,23950,23000,24500,25782.916666666668,26358.333333333332,24072.5,23800.0,23970.0
20161213,-0.62,3.11,-0.62,1.04,610,94.27,198.48,0.12,0.68,-1,1,1,2189,0,0,0,1,0,24400,24000,24000,24900,25788.75,26453.333333333332,24192.5,23825.0,23950.0
20161212,-0.42,1.25,-0.62,0.62,314,28.16,588.64,0.16,0.35,-1,1,1,2167,0,0,0,1,0,24150,23900,23850,24300,25793.75,26521.666666666668,24272.5,23720.0,23690.0
20161209,0.0,2.95,-0.84,1.27,245,-53.69,203.8,0.19,0.27,1,1,-1,2153,0,0,0,1,0,24000,23700,23500,24400,25802.083333333332,26584.166666666668,24342.5,23685.0,23640.0
20161208,-1.49,0.85,-1.49,0.85,529,-14.81,54.11,0.17,0.59,1,1,-1,2126,0,0,0,1,0,23700,23150,23150,23700,25807.5,26639.166666666668,24412.5,23755.0,23590.0
20161207,1.52,1.73,-0.65,1.73,621,-31.15,76.57,0.11,0.69,-1,1,1,2108,0,0,0,1,0,23500,23450,22950,23500,25815.416666666668,26709.166666666668,24545.0,23795.0,23630.0
20161206,-2.51,-0.42,-3.35,-3.35,902,41.6,81.58,0.11,1.01,-1,1,1,2073,0,0,0,1,0,23100,23300,23100,23800,25830.416666666668,26776.666666666668,24667.5,23860.0,23700.0
20161205,-0.21,0.63,-2.32,0.63,637,-50.16,617.44,0.15,0.71,-1,1,1,2144,0,0,0,1,0,23900,23700,23200,23900,25854.166666666668,26865.0,24837.5,24035.0,23750.0
20161202,0.0,1.05,-3.35,-0.63,1278,28.57,30.37,0.23,1.42,-1,1,1,2131,0,0,0,1,0,23750,23900,23100,24150,25862.083333333332,26937.5,24997.5,24090.0,23730.0
20161201,-0.42,0.84,-2.31,0.21,994,201.21,63.84,0.23,1.11,-1,1,1,2144,0,0,0,1,0,23900,23750,23300,24050,25882.5,27015.833333333332,25165.0,24225.0,23920.0
20161130,-1.07,3.21,-1.07,2.14,330,-81.61,378.79,0.25,0.37,1,1,-1,2140,0,0,0,1,0,23850,23100,23100,24100,25897.916666666668,27140.833333333332,25320.0,24345.0,23960.0
20161129,2.52,2.94,-2.1,-1.89,1794,30.38,25.32,0.25,2.0,-1,1,1,2095,0,0,0,1,0,23350,24400,23300,24500,25920.0,27306.666666666668,25467.5,24560.0,24020.0
20161128,1.21,1.21,-3.64,-3.64,1376,-51.57,51.58,0.26,1.53,-1,1,1,2135,0,0,0,1,0,23800,25000,23800,25000,25947.916666666668,27350.833333333332,25660.0,24825.0,24320.0
20161125,-0.41,7.88,-0.41,2.49,2841,801.9,109.84,0.27,3.17,-1,1,1,2216,0,0,0,1,0,24700,24000,24000,26000,25972.083333333332,27379.166666666668,25815.0,25000.0,24450.0
20161124,-2.28,1.04,-2.28,-0.21,315,-64.25,28.09,0.28,0.35,1,1,-1,2162,0,0,0,1,0,24100,23600,23600,24400,25986.666666666668,27395.0,25907.5,25070.0,24530.0
20161123,0.0,0.0,-4.63,-2.82,881,30.71,33.21,0.28,0.98,-1,1,1,2167,0,0,0,1,0,24150,24850,23700,24850,26004.583333333332,27437.5,26045.0,25295.0,24730.0
20161122,1.84,1.84,-0.61,1.64,674,-73.01,81.79,0.31,0.75,1,1,-1,2230,0,0,0,1,0,24850,24900,24300,24900,26032.083333333332,27461.666666666668,26177.5,25475.0,25100.0
20161121,-2.39,2.19,-2.99,-2.59,2497,76.84,87.59,0.28,2.78,-1,1,1,2194,0,0,0,1,0,24450,24500,24350,25650,26057.5,27481.666666666668,26335.0,25640.0,25330.0
20161118,1.2,1.59,-0.4,0.0,1412,-72.64,221.0,0.29,1.57,1,1,-1,2252,0,0,0,1,0,25100,25400,25000,25500,26086.25,27496.666666666668,26537.5,25905.0,25550.0
20161117,0.38,0.38,-3.85,-3.46,5161,578.19,12.3,0.28,5.75,1,1,-1,2252,0,0,0,1,0,25100,26100,25000,26100,26112.916666666668,27522.5,26687.5,26105.0,25610.0
20161116,0.0,1.54,-1.73,0.0,761,6.43,59.12,0.25,0.85,1,1,-1,2333,0,0,0,1,0,26000,26000,25550,26400,26134.583333333332,27530.833333333332,26917.5,26295.0,25860.0
20161115,2.74,4.11,-1.57,1.76,715,-41.44,26.36,0.2,0.8,1,1,-1,2333,0,0,0,1,0,26000,26250,25150,26600,26147.083333333332,27529.166666666668,27017.5,26375.0,25850.0
20161114,-0.2,1.77,-0.79,0.59,1221,-27.19,32.31,0.16,1.36,1,1,-1,2292,0,0,0,1,0,25550,25350,25200,25850,26165.0,27537.5,27117.5,26495.0,25950.0
20161111,0.38,0.38,-4.36,-3.61,1677,89.06,4.76,0.07,1.87,1,1,-1,2279,0,0,0,1,0,25400,26450,25200,26450,26177.916666666668,27558.333333333332,27255.0,26630.0,26260.0
20161110,0.19,2.7,0.0,1.54,887,-64.35,7.11,0.03,0.99,1,1,-1,2364,0,0,0,1,0,26350,26000,25950,26650,26193.333333333332,27600.0,27395.0,26745.0,26600.0
20161109,0.94,2.45,-4.15,-2.08,2488,135.38,42.28,0.02,2.77,1,1,-1,2328,0,0,0,1,0,25950,26750,25400,27150,26205.0,27599.166666666668,27470.0,26795.0,26730.0
20161108,0.55,0.55,-4.06,-2.21,1057,-3.56,71.45,0.0,1.18,-1,1,1,2378,0,0,0,1,0,26500,27250,26000,27250,26226.25,27636.666666666668,27595.0,26880.0,26900.0
20161107,0.37,0.92,-0.37,0.0,1096,-7.59,31.25,0.03,1.22,1,1,-1,2431,0,0,0,1,0,27100,27200,27000,27350,26249.166666666668,27610.833333333332,27687.5,27030.0,27040.0
20161104,-1.48,0.74,-1.48,0.37,1186,-39.83,9.06,0.0,1.32,1,1,1,2431,0,0,0,1,0,27100,26600,26600,27200,26272.083333333332,27641.666666666668,27750.0,27170.0,27000.0
20161103,0.0,1.68,-2.24,0.75,1971,87.71,39.42,0.0,2.2,1,1,1,2422,0,0,0,1,0,27000,26800,26200,27250,26295.416666666668,27561.666666666668,27795.0,27270.0,26890.0
20161102,-1.1,-0.74,-2.57,-1.47,1050,-49.28,10.98,0.0,1.17,-1,1,1,2405,0,0,0,1,0,26800,26900,26500,27000,26316.25,27480.833333333332,27940.0,27540.0,26860.0
20161101,1.12,2.97,-1.12,1.12,2070,836.65,58.74,0.0,2.31,1,1,-1,2440,0,0,0,1,0,27200,27200,26600,27700,26341.666666666668,27400.0,28050.0,27660.0,26860.0
20161031,0.38,1.32,-2.26,1.32,221,-80.23,27.54,0.0,0.25,1,1,1,2414,0,0,0,1,0,26900,26650,25950,26900,26366.666666666668,27310.833333333332,28152.5,27740.0,27020.0
20161028,1.12,3.35,-1.68,-1.12,1118,-34.58,38.87,0.0,1.25,1,1,1,2382,0,0,0,1,0,26550,27150,26400,27750,26392.916666666668,27259.166666666668,28177.5,27880.0,27340.0
20161027,0.0,2.24,-0.56,0.19,1709,-1.84,41.79,0.0,1.9,-1,1,1,2409,0,0,0,1,0,26850,26800,26650,27400,26425.416666666668,27240.0,28197.5,28045.0,27650.0
20161026,-7.14,-0.36,-7.14,-4.29,1741,-55.2,81.05,0.0,1.94,-1,1,1,2405,0,0,0,1,0,26800,26000,26000,27900,26455.0,27220.0,28215.0,28145.0,28220.0
20161025,-0.88,0.0,-3.51,-1.75,3886,132.56,8.34,0.21,4.33,-1,1,1,2512,0,0,0,1,0,28000,28250,27500,28500,26488.333333333332,27185.833333333332,28237.5,28310.0,28460.0
20161024,-0.36,2.31,-1.07,1.42,1671,-60.7,60.87,0.29,1.86,-1,1,1,2557,0,0,0,1,0,28500,28000,27800,28750,26515.0,27185.0,28210.0,28345.0,28460.0
20161021,-0.84,-0.84,-5.72,-5.39,4252,-59.49,26.99,0.38,4.74,-1,1,1,2521,0,0,0,1,0,28100,29450,28000,29450,26540.416666666668,27068.333333333332,28167.5,28330.0,28420.0
20161020,-1.07,8.75,-1.61,6.07,10495,1678.81,107.29,0.76,11.7,-1,1,1,2665,0,0,0,1,0,29700,27700,27550,30450,26572.916666666668,26978.333333333332,28140.0,28320.0,28440.0
20161019,-1.79,0.71,-1.79,0.0,590,-82.47,33.45,0.82,0.66,1,1,-1,2512,0,0,0,1,0,28000,27500,27500,28200,26598.75,26861.666666666668,28085.0,28340.0,28070.0
20161018,-0.18,1.59,-2.3,-1.06,3365,530.15,59.82,0.79,3.75,-1,1,1,2512,0,0,0,1,0,28000,28250,27650,28750,26632.083333333332,26776.666666666668,28150.0,28440.0,28160.0
20161017,-0.18,1.42,-0.71,0.35,534,-67.75,318.11,0.93,0.6,1,1,-1,2539,0,0,0,1,0,28300,28150,28000,28600,26663.333333333332,26691.666666666668,28175.0,28565.0,28230.0
20161014,-0.9,1.26,-2.33,1.26,1656,7.95,119.49,0.91,1.85,-1,1,1,2530,0,0,0,1,0,28200,27600,27200,28200,26704.166666666668,26602.5,28155.0,28475.0,28240.0
20161013,-0.88,-0.18,-4.75,-2.11,1534,206.19,7.98,1.01,1.71,-1,1,1,2499,0,0,0,1,0,27850,28200,27100,28400,26752.083333333332,26525.833333333332,28110.0,28350.0,28200.0
20161012,-1.94,0.35,-2.12,0.35,501,-57.11,116.14,1.32,0.56,1,1,-1,2553,0,0,0,1,0,28450,27800,27750,28450,26803.333333333332,26437.5,28112.5,28285.0,28610.0
20161011,-2.65,0.35,-3.35,0.0,1168,-55.94,63.34,1.31,1.3,-1,1,1,2544,0,0,0,1,0,28350,27600,27400,28450,26857.083333333332,26355.0,28067.5,28165.0,28720.0
20161010,-0.54,1.43,-1.61,1.25,2651,-41.72,22.93,1.4,2.95,1,1,-1,2544,0,0,0,1,0,28350,27850,27550,28400,26914.583333333332,26270.833333333332,28070.0,28075.0,28900.0
20161007,-0.33,0.17,-6.35,-6.35,4549,-53.22,25.38,1.22,5.07,-1,1,1,2512,0,0,0,1,0,28000,29800,28000,29950,26982.5,26186.666666666668,28065.0,28005.0,28710.0
20161006,0.86,7.07,-1.72,3.1,9724,225.54,116.5,1.31,10.84,-1,1,1,2683,0,0,0,1,0,29900,29250,28500,31050,27045.833333333332,26107.5,28087.5,27960.0,28500.0
20161005,-0.68,1.2,-3.08,-0.85,2987,-72.66,104.68,1.63,3.33,-1,1,1,2602,0,0,0,1,0,29000,29050,28350,29600,27096.666666666668,25990.833333333332,28162.5,27830.0,27960.0
20161004,0.36,6.93,-4.01,6.75,10924,177.19,163.31,1.75,12.18,1,1,-1,2624,0,0,0,1,0,29250,27500,26300,29300,27158.333333333332,25885.0,28402.5,27860.0,27610.0
20160930,0.0,3.15,-0.56,1.67,3941,307.13,29.32,1.1,4.39,-1,1,1,2458,0,0,0,1,0,27400,26950,26800,27800,27221.25,25777.5,28240.0,27785.0,27250.0
20160929,-1.1,0.0,-2.02,-0.92,968,-24.14,59.88,1.47,1.08,-1,1,1,2418,0,0,0,1,0,26950,26900,26650,27200,27301.666666666668,25709.166666666668,28145.0,27835.0,27300.0
20160928,-0.55,0.55,-1.83,-0.18,1276,-51.43,43.42,1.5,1.42,1,1,-1,2440,0,0,0,1,0,27200,27100,26750,27400,27385.833333333332,25645.833333333332,28080.0,27870.0,27420.0
20160927,-0.18,0.0,-3.83,-0.73,2627,-10.71,26.08,1.48,2.93,-1,1,1,2445,0,0,0,1,0,27250,27400,26400,27450,27467.5,25577.5,28052.5,27940.0,27700.0
20160926,-0.9,2.53,-1.63,-0.72,2942,-32.06,45.62,1.73,3.28,-1,1,1,2463,0,0,0,1,0,27450,27400,27200,28350,27558.333333333332,25509.166666666668,27970.0,27970.0,28110.0
20160923,0.0,1.81,-2.18,0.36,4330,-29.26,27.62,1.97,4.83,1,1,-1,2481,0,0,0,1,0,27650,27550,26950,28050,27646.25,25438.333333333332,27900.0,28065.0,28320.0
20160922,-0.17,1.75,-3.67,-3.67,6121,14.63,16.74,1.89,6.82,-1,1,1,2472,0,0,0,1,0,27550,28550,27550,29100,27724.166666666668,25373.333333333332,27785.0,28125.0,28370.0
20160921,0.0,4.27,-4.1,-2.39,5340,52.48,29.65,0.0,5.95,1,1,1,2566,0,0,0,1,0,28600,29300,28100,30550,27819.583333333332,25289.166666666668,27740.0,28215.0,28320.0
20160920,0.7,5.26,0.7,2.81,3502,44.17,0.0,1.92,3.9,1,1,-1,2629,0,0,0,1,0,29300,28700,28700,30000,27934.583333333332,25207.5,27590.0,28495.0,28180.0
20160919,-0.54,2.15,-1.61,2.15,2429,17.57,0.0,2.81,2.71,1,1,-1,2557,0,0,0,1,0,28500,27750,27450,28500,28011.25,25124.166666666668,27420.0,28945.0,27830.0
20160913,-1.1,2.2,-1.1,2.2,2066,-55.35,0.0,2.51,2.3,1,1,-1,2503,0,0,0,1,0,27900,27000,27000,27900,28115.0,25065.833333333332,27320.0,28695.0,27810.0
20160912,-2.15,0.9,-2.15,-2.15,4627,21.7,0.0,2.21,5.16,-1,1,1,2449,0,0,0,1,0,27300,27300,27300,28150,28220.833333333332,25020.0,27265.0,28455.0,27880.0
20160909,-0.18,3.45,-0.73,1.27,3802,-41.84,0.0,2.22,4.24,1,1,1,2503,0,0,0,1,0,27900,27500,27350,28500,28331.666666666668,24975.833333333332,27295.0,28290.0,28110.0
20160908,-2.11,-2.11,-4.58,-2.99,6537,77.3,0.0,1.99,7.29,1,1,1,2472,0,0,0,1,0,27550,27800,27100,27800,28436.666666666668,24921.666666666668,27215.0,28165.0,28810.0
20160907,3.72,3.72,0.18,0.53,3687,-47.81,0.0,1.99,4.11,1,1,1,2548,0,0,0,1,0,28400,29300,28300,29300,28525.416666666668,24884.166666666668,27247.5,27970.0,30060.0
20160906,1.93,5.45,-0.88,-0.7,7064,-43.9,0.0,1.99,7.87,1,1,-1,2535,0,0,0,1,0,28250,29000,28200,30000,28611.25,24843.333333333332,27075.0,27735.0,29580.0
20160905,-3.98,-3.98,-9.39,-9.39,12592,-18.79,0.0,1.99,14.03,1,1,1,2553,0,0,0,1,0,28450,30150,28450,30150,28690.833333333332,24786.666666666668,27110.0,27445.0,29030.0
20160902,-2.37,-2.37,-10.06,-7.1,15506,-88.62,0.0,1.99,17.28,1,1,1,2817,0,0,0,1,0,31400,33000,30400,33000,28760.416666666668,24749.166666666668,26802.5,27265.0,28470.0
20160901,1.73,30.0,1.73,30.0,136315,1916.79,95.0,1.99,151.93,1,1,-1,3033,0,0,0,1,0,33800,26450,26450,33800,28810.0,24655.0,26340.0,26685.0,27520.0
20160831,2.35,9.02,-0.2,1.96,6759,154.19,90.52,0.28,7.53,-1,1,-1,2333,0,0,0,1,0,26000,26100,25450,27800,28837.083333333332,24533.333333333332,25747.5,25895.0,25880.0
20160830,0.19,2.14,-1.36,-0.58,2659,-35.29,59.68,0.48,2.96,1,1,-1,2288,0,0,0,1,0,25500,25700,25300,26200,28930.0,24545.0,25540.0,25945.0,25890.0
20160829,-1.13,0.19,-6.0,-3.75,4109,-70.41,50.02,0.28,4.58,1,1,-1,2301,0,0,0,1,0,25650,26350,25050,26700,29025.833333333332,24565.0,25455.0,26075.0,25860.0
20160826,-0.39,19.92,-2.34,4.1,13888,219.26,91.71,0.21,15.48,-1,1,1,2391,0,0,0,1,0,26650,25500,25000,30700,29115.0,24578.333333333332,25442.5,26300.0,26060.0
20160825,0.58,0.96,-3.26,-1.73,4350,32.66,57.83,0.38,4.85,-1,1,1,2297,0,0,0,1,0,25600,26200,25200,26300,29202.5,24571.666666666668,25392.5,26265.0,25850.0
20160824,-0.59,5.33,-1.38,2.76,3279,-44.03,82.25,0.41,3.65,1,1,1,2337,0,0,0,1,0,26050,25200,25000,26700,29290.833333333332,24602.5,25350.0,26525.0,25910.0
20160823,1.31,2.81,-5.25,-4.88,5858,70.54,60.46,0.41,6.53,1,1,-1,2274,0,0,0,1,0,25350,27000,25250,27400,29370.416666666668,24633.333333333332,25445.0,26415.0,26000.0
20160822,-0.98,4.1,-2.93,4.1,3435,-6.71,184.43,0.36,3.83,-1,1,1,2391,0,0,0,1,0,26650,25350,24850,26650,29456.666666666668,24675.833333333332,25252.5,26775.0,26290.0
20160819,-3.09,0.0,-3.67,-1.16,3682,-12.04,21.3,0.47,4.1,1,1,1,2297,0,0,0,1,0,25600,25100,24950,25900,29530.416666666668,24703.333333333332,25055.0,26340.0,26540.0
20160818,1.32,1.32,-4.34,-2.26,4186,-57.6,30.66,0.47,4.67,1,1,1,2324,0,0,0,1,0,25900,26850,25350,26850,29617.916666666668,24738.333333333332,24910.0,25995.0,26680.0
20160817,0.37,7.84,-2.24,-1.12,9873,58.93,83.67,0.47,11.0,1,1,-1,2378,0,0,0,1,0,26500,26900,26200,28900,29692.916666666668,24765.0,24760.0,25600.0,27140.0
20160816,1.43,2.87,-4.3,-3.94,6212,-66.76,42.97,0.34,6.92,1,1,-1,2405,0,0,0,1,0,26800,28300,26700,28700,29779.166666666668,24792.5,24580.0,25135.0,26830.0
20160812,-0.95,13.31,-2.28,6.08,18688,73.97,99.92,0.0,20.83,1,1,1,2503,0,0,0,1,0,27900,26050,25700,29800,29888.75,24797.5,24387.5,24835.0,27260.0
20160811,-4.61,0.0,-8.51,-6.74,10742,-78.72,40.36,0.0,11.97,1,1,1,2360,0,0,0,1,0,26300,26900,25800,28200,30013.333333333332,24786.666666666668,24172.5,24585.0,26140.0
20160810,-0.2,28.26,-2.61,13.03,50491,99.13,96.52,0.0,56.27,1,1,1,2530,0,0,0,1,0,28200,24900,24300,32000,30177.5,24810.833333333332,23985.0,24520.0,25310.0
20160809,-5.7,-2.25,-13.82,-13.82,25356,-4.71,61.93,0.0,28.26,1,1,-1,2239,0,0,0,1,0,24950,27300,24950,28300,30350.833333333332,24815.833333333332,23750.0,24175.0,24060.0
20160808,23.09,29.82,15.25,29.82,26609,552.18,114.92,0.0,29.66,1,1,1,2597,0,0,0,1,0,28950,27450,25700,28950,30501.25,24887.5,23667.5,24475.0,23440.0
20160805,0.68,2.26,-2.26,0.68,4080,120.42,39.29,0.0,4.55,1,1,1,2001,0,0,0,1,0,22300,22300,21650,22650,30629.583333333332,24902.5,23385.0,23730.0,22410.0
20160804,-1.14,2.73,-1.37,0.91,1851,-53.54,77.49,0.0,2.06,1,1,1,1987,0,0,0,1,0,22150,21700,21650,22550,30837.916666666668,25029.166666666668,23432.5,23770.0,23030.0
20160803,1.83,5.49,-1.6,0.46,3984,-35.67,43.72,0.0,4.44,1,1,1,1969,0,0,0,1,0,21950,22250,21500,23050,30956.666666666668,25151.666666666668,23470.0,23825.0,23730.0
20160802,0.0,4.62,-8.19,-8.19,6193,38.42,81.96,0.0,6.9,1,1,1,1960,0,0,0,1,0,21850,23800,21850,24900,31070.0,25283.333333333332,23505.0,23920.0,24290.0
20160801,-2.76,-1.57,-6.3,-6.3,4474,-14.73,24.56,0.0,4.99,1,1,1,2135,0,0,0,1,0,23800,24700,23800,25000,31115.833333333332,25422.5,23552.5,24025.0,25510.0
20160729,0.97,1.17,-3.31,-0.97,5247,-67.37,60.68,0.0,5.85,1,1,1,2279,0,0,0,1,0,25400,25900,24800,25950,31188.333333333332,25526.666666666668,23527.5,23940.0,25050.0
20160728,0.81,4.85,-3.64,3.64,16082,-68.3,81.0,0.0,17.92,1,1,1,2301,0,0,0,1,0,25650,24950,23850,25950,31257.083333333332,25610.833333333332,23415.0,23760.0,24510.0
20160727,4.47,11.63,-11.63,-11.45,50726,17.12,60.81,0.0,56.54,1,1,-1,2221,0,0,0,1,0,24750,29200,24700,31200,31335.416666666668,25690.0,23287.5,23450.0,23920.0
20160726,-0.93,30.0,-3.95,30.0,43312,3649.96,124.59,0.0,48.27,1,1,1,2508,0,0,0,1,0,27950,21300,20650,27950,31445.833333333332,25790.833333333332,23207.5,23325.0,23550.0
20160725,1.1,1.1,-5.29,-5.29,1155,2000.0,26.49,0.0,1.29,1,1,1,1929,0,0,0,1,0,21500,22950,21500,22950,31513.333333333332,25845.0,22970.0,22860.0,22540.0
20160722,-0.88,0.44,-0.88,0.0,55,-94.23,33.33,0.0,0.06,1,1,1,2037,0,0,0,1,0,22700,22500,22500,22800,31631.25,26012.5,23082.5,23040.0,22830.0
20160721,-0.87,-0.44,-3.49,-0.87,953,166.95,43.05,0.0,1.06,1,1,1,2037,0,0,0,1,0,22700,22700,22100,22800,31763.75,26167.5,23072.5,23095.0,23010.0
20160720,0.87,0.87,-0.87,0.0,357,156.83,41.27,0.0,0.4,1,1,1,2055,0,0,0,1,0,22900,23100,22700,23100,31822.083333333332,26335.833333333332,23122.5,23115.0,22980.0
20160719,1.09,1.09,-0.65,-0.22,139,-43.5,15.97,0.0,0.15,1,1,1,2055,0,0,0,1,0,22900,23200,22800,23200,31872.5,26487.5,23192.5,23090.0,23100.0
20160718,-3.39,-1.27,-4.24,-2.75,246,-85.86,67.24,0.0,0.27,1,1,1,2059,0,0,0,1,0,22950,22800,22600,23300,31927.083333333332,26635.0,23297.5,23080.0,23180.0
20160715,1.11,4.88,-2.0,4.66,1740,35.83,179.43,0.0,1.94,1,1,1,2117,0,0,0,1,0,23600,22800,22100,23650,31988.75,26805.833333333332,23407.5,23115.0,23250.0
20160714,0.43,0.43,-4.26,-4.04,1281,-27.59,89.05,0.0,1.43,1,1,1,2023,0,0,0,1,0,22550,23600,22500,23600,32044.166666666668,26978.333333333332,23460.0,23070.0,23180.0
20160713,-1.93,2.58,-3.0,0.86,1769,972.12,147.02,0.0,1.97,1,1,1,2108,0,0,0,1,0,23500,22850,22600,23900,32104.583333333332,27169.166666666668,23565.0,23125.0,23250.0
20160712,0.21,0.21,-2.36,0.0,165,-30.38,52.04,0.0,0.18,1,1,1,2091,0,0,0,1,0,23300,23350,22750,23350,32150.0,27359.166666666668,23655.0,23090.0,23080.0
20160711,0.22,0.22,-2.15,0.22,237,-62.91,34.29,0.0,0.26,1,1,1,2091,0,0,0,1,0,23300,23300,22750,23300,32193.333333333332,27558.333333333332,23787.5,23080.0,22980.0
20160708,1.09,1.53,-1.53,1.53,639,18.77,912.7,0.0,0.71,1,1,1,2086,0,0,0,1,0,23250,23150,22550,23250,32238.75,27778.333333333332,23865.0,23125.0,22980.0
20160707,0.88,2.43,-0.66,1.1,538,106.92,54.23,0.0,0.6,1,1,1,2055,0,0,0,1,0,22900,22850,22500,23200,32277.5,27984.166666666668,24012.5,23050.0,22960.0
20160706,1.32,1.32,-2.19,-0.66,260,-66.88,61.31,0.0,0.29,-1,1,1,2032,0,0,0,1,0,22650,23100,22300,23100,32309.583333333332,28202.5,24155.0,23130.0,23000.0
20160705,-2.58,0.0,-3.0,-2.15,785,-45.71,78.47,0.09,0.87,-1,1,1,2046,0,0,0,1,0,22800,22700,22600,23300,32340.0,28431.666666666668,24347.5,23295.0,23100.0
20160704,0.0,0.86,-4.1,0.65,1446,30.39,162.55,0.17,1.61,-1,1,1,2091,0,0,0,1,0,23300,23150,22200,23350,32372.5,28665.0,24542.5,23515.0,23180.0
20160701,-1.95,1.08,-1.95,0.22,1109,-21.79,26.34,0.24,1.24,-1,1,1,2077,0,0,0,1,0,23150,22650,22650,23350,32400.416666666668,28894.166666666668,24712.5,23700.0,23270.0
20160630,1.51,1.51,-2.81,-0.22,1418,-47.93,63.51,0.33,1.58,-1,1,1,2073,0,0,0,1,0,23100,23500,22500,23500,32429.583333333332,29125.833333333332,24877.5,23850.0,23140.0
20160629,0.0,2.37,-3.66,-0.22,2723,36.01,149.72,0.41,3.03,-1,1,1,2077,0,0,0,1,0,23150,23200,22350,23750,32456.666666666668,29357.5,25035.0,24005.0,23260.0
20160628,-0.21,1.05,-4.84,-2.32,2002,-79.32,55.29,0.5,2.23,-1,1,1,2082,0,0,0,1,0,23200,23700,22600,24000,32482.5,29607.5,25250.0,24220.0,23490.0
20160627,0.0,21.78,-1.33,5.56,9681,379.26,114.19,0.58,10.79,-1,1,1,2131,0,0,0,1,0,23750,22500,22200,27400,32514.166666666668,29854.166666666668,25485.0,24495.0,23850.0
20160624,0.63,1.05,-12.45,-5.06,2020,42.25,72.66,0.65,2.25,1,1,-1,2019,0,0,0,1,0,22500,23850,20750,23950,32537.916666666668,30075.0,25692.5,24605.0,24130.0
20160623,-1.23,0.62,-4.12,-2.47,1420,18.23,16.96,0.61,1.58,1,1,-1,2126,0,0,0,1,0,23700,24000,23300,24450,32582.083333333332,30350.0,25982.5,24975.0,24560.0
20160622,-0.6,-0.2,-4.4,-2.8,1201,24.97,104.61,0.54,1.34,-1,1,1,2180,0,0,0,1,0,24300,24850,23900,24950,32627.5,30661.666666666668,26182.5,25180.0,24750.0
20160621,0.0,0.2,-5.37,-0.6,961,373.4,17.83,0.57,1.07,-1,1,1,2243,0,0,0,1,0,25000,25150,23800,25200,32672.916666666668,30898.333333333332,26342.5,25400.0,24950.0
20160620,0.0,2.23,-0.61,2.03,203,-89.8,68.33,0.58,0.23,1,1,-1,2257,0,0,0,1,0,25150,24650,24500,25200,32714.583333333332,31164.166666666668,26500.0,25570.0,25140.0
20160617,0.61,0.81,-2.23,0.0,1990,91.71,72.06,0.57,2.22,1,1,-1,2212,0,0,0,1,0,24650,24800,24100,24850,32740.0,31421.666666666668,26597.5,25725.0,25080.0
20160616,-0.2,-0.2,-4.74,-2.57,1038,12.95,1.54,0.5,1.16,1,1,-1,2212,0,0,0,1,0,24650,25250,24100,25250,32770.416666666664,31687.5,26727.5,25905.0,25390.0
20160615,0.58,0.58,-3.66,-2.5,919,-68.58,69.06,0.49,1.02,1,1,-1,2270,0,0,0,1,0,25300,26100,25000,26100,32802.5,31951.666666666668,26882.5,26065.0,25610.0
20160614,-0.2,4.63,-0.4,4.43,2925,79.67,39.24,0.42,3.26,1,1,-1,2328,0,0,0,1,0,25950,24800,24750,26000,32835.833333333336,32166.666666666668,27042.5,26280.0,25850.0
20160613,-0.38,-0.38,-5.34,-5.15,1628,244.92,20.27,0.34,1.81,1,1,-1,2230,0,0,0,1,0,24850,26100,24800,26100,32871.25,32379.166666666668,27207.5,26475.0,26000.0
20160610,0.19,2.91,-1.36,1.75,472,-52.18,87.95,0.27,0.53,1,1,-1,2351,0,0,0,1,0,26200,25800,25400,26500,32919.166666666664,32595.0,27457.5,26780.0,26370.0
20160609,0.75,0.75,-4.15,-2.83,987,-8.36,30.78,0.22,1.1,1,1,-1,2310,0,0,0,1,0,25750,26700,25400,26700,32932.916666666664,32771.666666666664,27642.5,26990.0,26420.0
20160608,-2.25,0.0,-2.81,-0.75,1077,116.27,30.22,0.16,1.2,1,1,-1,2378,0,0,0,1,0,26500,26100,25950,26700,32951.666666666664,32965.0,27830.0,27185.0,26520.0
20160607,1.5,1.5,-2.25,0.0,498,-15.16,90.04,0.15,0.56,1,1,-1,2396,0,0,0,1,0,26700,27100,26100,27100,32983.333333333336,33140.833333333336,27997.5,27285.0,26710.0
20160603,-0.95,2.46,-0.95,0.95,587,-69.2,74.47,0.15,0.65,1,1,-1,2396,0,0,0,1,0,26700,26200,26200,27100,33019.166666666664,33315.0,28172.5,27430.0,26950.0
20160602,0.0,3.24,-1.9,0.76,1906,-32.63,115.17,0.13,2.12,1,1,-1,2373,0,0,0,1,0,26450,26250,25750,27100,33046.666666666664,33486.666666666664,28340.0,27470.0,27190.0
20160601,0.0,0.91,-6.19,-4.37,2829,-47.13,75.41,0.0,3.15,1,1,1,2355,0,0,0,1,0,26250,27450,25750,27700,33088.333333333336,33651.666666666664,28540.0,27550.0,27560.0
20160531,-0.72,1.43,-5.38,-1.61,5351,435.1,43.42,0.0,5.96,1,1,1,2463,0,0,0,1,0,27450,27700,26400,28300,33110.833333333336,33833.333333333336,28747.5,27700.0,27850.0
20160530,1.61,2.33,-0.54,0.0,1000,-1.48,121.35,0.0,1.11,-1,1,1,2503,0,0,0,1,0,27900,28350,27750,28550,33099.583333333336,33979.166666666664,28915.0,27805.0,27860.0
20160527,-2.12,0.35,-6.36,-1.41,1015,97.47,129.32,0.01,1.13,1,1,-1,2503,0,0,0,1,0,27900,27700,26500,28400,33088.75,34107.5,29080.0,27940.0,27910.0
20160526,0.0,2.53,-1.26,2.17,514,-37.77,207.98,0.0,0.57,-1,1,1,2539,0,0,0,1,0,28300,27700,27350,28400,33072.5,34237.5,29262.5,28135.0,27750.0
20160525,-1.82,1.82,-2.36,0.73,826,-43.89,117.99,0.03,0.92,-1,1,1,2485,0,0,0,1,0,27700,27000,26850,28000,33062.083333333336,34357.5,29447.5,28295.0,27540.0
20160524,1.6,1.6,-6.57,-2.31,1472,45.89,64.09,0.07,1.64,-1,1,1,2467,0,0,0,1,0,27500,28600,26300,28600,33055.833333333336,34497.5,29702.5,28475.0,27550.0
20160523,0.0,4.98,-0.37,3.87,1009,-42.64,169.4,0.11,1.12,1,1,-1,2526,0,0,0,1,0,28150,27100,27000,28450,33063.75,34620.833333333336,29927.5,28710.0,27750.0
20160520,0.55,1.28,-3.12,-0.55,1759,43.94,56.36,0.08,1.96,1,1,-1,2431,0,0,0,1,0,27100,27400,26400,27600,33070.833333333336,34765.833333333336,30107.5,28915.0,27970.0
20160519,0.0,0.18,-3.96,-1.8,1222,-64.61,46.91,0.05,1.36,1,1,-1,2445,0,0,0,1,0,27250,27750,26650,27800,33096.666666666664,34980.0,30412.5,29210.0,28520.0
20160518,-3.33,-1.23,-7.02,-2.63,3453,328.94,30.81,0.04,3.85,1,1,-1,2490,0,0,0,1,0,27750,27550,26500,28150,33127.5,35240.0,30747.5,29530.0,29050.0
20160517,0.0,0.17,-4.27,-2.56,805,-32.41,22.0,0.0,0.9,1,1,1,2557,0,0,0,1,0,28500,29250,28000,29300,33148.75,35544.166666666664,31060.0,29795.0,29400.0
20160516,-2.68,-0.34,-4.02,-2.01,1191,48.13,78.68,0.0,1.33,-1,1,1,2624,0,0,0,1,0,29250,29050,28650,29750,33172.916666666664,35885.833333333336,31380.0,30025.0,29670.0
20160513,0.17,0.17,-2.34,-0.17,804,107.22,168.12,0.01,0.9,-1,1,1,2678,0,0,0,1,0,29850,29950,29200,29950,33190.833333333336,36115.0,31680.0,30220.0,29860.0
20160512,1.19,1.53,-1.02,1.36,388,-64.4,88.24,0.03,0.43,1,1,1,2683,0,0,0,1,0,29900,29850,29200,29950,33219.166666666664,36356.666666666664,32012.5,30390.0,29900.0
20160511,0.0,1.01,-1.68,-1.17,1090,-10.8,96.41,0.02,1.21,-1,1,1,2647,0,0,0,1,0,29500,29850,29350,30150,33271.25,36646.666666666664,32297.5,30600.0,30010.0
20160510,-0.33,1.16,-1.82,-1.16,1222,75.07,94.42,0.04,1.36,1,1,-1,2678,0,0,0,1,0,29850,30100,29650,30550,33315.416666666664,36761.666666666664,32622.5,30930.0,30190.0
20160509,-0.17,1.0,-2.33,0.5,698,-17.4,161.22,0.03,0.78,1,1,1,2710,0,0,0,1,0,30200,30000,29350,30350,33366.666666666664,36856.666666666664,32950.0,31145.0,30380.0
20160504,0.0,1.64,-4.11,-1.31,845,76.78,36.04,0.03,0.94,-1,1,1,2696,0,0,0,1,0,30050,30450,29200,30950,33490.0,36809.166666666664,33280.0,31300.0,30580.0
20160503,-3.12,0.66,-3.12,0.16,478,-66.76,42.68,0.03,0.53,1,1,-1,2732,0,0,0,1,0,30450,29450,29450,30600,33528.333333333336,36850.0,33630.0,31615.0,30880.0
20160502,0.16,1.95,-2.11,-1.3,1438,143.32,12.88,0.03,1.6,1,1,-1,2728,0,0,0,1,0,30400,30850,30150,31400,33565.416666666664,36903.333333333336,33960.0,31965.0,31190.0
20160429,0.0,1.6,-1.28,-1.28,591,21.6,91.53,0.02,0.66,-1,1,1,2763,0,0,0,1,0,30800,31200,30800,31700,33596.25,36980.833333333336,34290.0,32325.0,31670.0
20160428,3.96,3.96,-2.69,-1.11,486,-63.29,36.62,0.03,0.54,1,1,-1,2799,0,0,0,1,0,31200,32800,30700,32800,33643.75,37100.833333333336,34657.5,32735.0,31910.0
20160427,-1.88,-0.47,-3.44,-1.41,1324,-9.62,133.54,0.0,1.48,1,1,-1,2831,0,0,0,1,0,31550,31400,30900,31850,33695.833333333336,37181.666666666664,34997.5,33140.0,32020.0
20160426,0.0,0.15,-3.81,-2.44,1465,-4.56,35.03,0.0,1.63,-1,1,1,2871,0,0,0,1,0,32000,32800,31550,32850,33798.75,37250.0,35270.0,33635.0,32350.0
20160425,-1.25,2.81,-1.25,2.5,1535,26.23,134.33,0.16,1.71,-1,1,1,2943,0,0,0,1,0,32800,31600,31600,32900,33958.75,37360.0,35620.0,33995.0,32740.0
20160422,-0.16,2.2,-1.89,0.79,1216,-49.23,132.22,0.19,1.36,1,1,-1,2871,0,0,0,1,0,32000,31700,31150,32450,34080.833333333336,37308.333333333336,36100.0,34315.0,32980.0
20160421,-2.56,-0.15,-4.82,-4.37,2395,-44.38,26.13,0.04,2.67,1,1,-1,2849,0,0,0,1,0,31750,32350,31600,33150,34362.5,37257.5,36425.0,34755.0,33560.0
20160420,1.18,1.18,-5.45,-2.21,4306,188.41,28.78,0.03,4.8,-1,1,1,2979,0,0,0,1,0,33200,34350,32100,34350,34646.25,37219.166666666664,36885.0,35260.0,34260.0
20160419,0.88,0.88,-1.47,-0.15,1493,-52.06,10.24,0.04,1.66,1,1,-1,3046,0,0,0,1,0,33950,34300,33500,34300,34843.75,37171.666666666664,37255.0,35645.0,34920.0
20160418,0.0,0.0,-4.01,-2.58,3114,62.02,38.33,0.02,3.47,1,1,-1,3051,0,0,0,1,0,34000,34900,33500,34900,34925.833333333336,37110.0,37587.5,35955.0,35250.0
20160415,0.0,0.71,-2.7,-0.99,1922,-60.16,45.62,0.01,2.14,-1,1,-1,3131,0,0,0,1,0,34900,35250,34300,35500,34923.333333333336,37040.0,37912.5,36255.0,35650.0
20160414,2.74,2.74,-4.79,-3.42,4824,-43.47,21.04,0.02,5.38,1,1,-1,3163,0,0,0,1,0,35250,37500,34750,37500,34848.75,36940.833333333336,38077.5,36580.0,35950.0
20160412,0.28,9.27,0.0,2.53,8534,604.71,163.84,0.02,9.51,-1,1,-1,3275,0,0,0,1,0,36500,35700,35600,38900,34745.833333333336,36828.333333333336,38250.0,36855.0,36260.0
20160411,0.0,0.83,-2.22,-1.11,1211,-12.37,23.98,0.04,1.35,1,1,-1,3194,0,0,0,1,0,35600,36000,35200,36300,34652.083333333336,36699.166666666664,38315.0,36905.0,36370.0
20160408,-0.82,0.96,-2.2,-1.1,1382,-16.7,18.82,0.04,1.54,1,1,1,3230,0,0,0,1,0,36000,36100,35600,36750,34517.5,36570.833333333336,38375.0,37245.0,36660.0
20160407,0.27,1.09,-1.9,-1.09,1659,-13.64,24.92,0.04,1.85,-1,1,1,3266,0,0,0,1,0,36400,36900,36100,37200,34377.916666666664,36416.666666666664,38442.5,37885.0,36860.0
20160406,0.13,0.81,-1.62,-0.67,1921,-23.71,45.54,0.05,2.14,1,1,-1,3302,0,0,0,1,0,36800,37100,36450,37350,34234.166666666664,36248.333333333336,38475.0,38095.0,37210.0
20160405,0.0,0.94,-1.48,0.0,2518,-35.17,47.33,0.03,2.81,-1,1,1,3324,0,0,0,1,0,37050,37050,36500,37400,34086.666666666664,36080.0,38492.5,38510.0,37450.0
20160404,2.43,2.43,-0.81,0.14,3884,-13.3,27.22,0.03,4.33,1,1,-1,3324,0,0,0,1,0,37050,37900,36700,37900,33935.0,35906.666666666664,38490.0,38865.0,37440.0
20160401,0.13,1.83,-3.8,-3.01,4480,-58.28,25.31,0.03,4.99,1,1,-1,3320,0,0,0,1,0,37000,38200,36700,38850,33780.416666666664,35733.333333333336,38455.0,39220.0,37830.0
20160331,0.26,3.29,-0.92,0.39,10738,-59.93,69.21,0.01,11.97,-1,1,1,3423,0,0,0,1,0,38150,38100,37650,39250,33632.5,35555.833333333336,38462.5,39570.0,38910.0
20160330,0.41,9.46,-2.7,2.7,26798,95.86,80.77,0.05,29.87,1,1,-1,3409,0,0,0,1,0,38000,37150,36000,40500,33468.75,35357.5,38365.0,39575.0,38980.0
20160329,-2.05,-2.05,-9.36,-5.13,13682,-52.64,32.24,0.0,15.25,-1,1,1,3320,0,0,0,1,0,37000,38200,35350,38200,33311.666666666664,35174.166666666664,38245.0,39645.0,39570.0
20160328,0.24,6.13,-8.37,-8.02,28890,-75.71,45.42,0.01,32.2,-1,1,1,3499,0,0,0,1,0,39000,42500,38850,45000,33165.0,35000.833333333336,38180.0,39725.0,40290.0
20160325,2.08,28.96,0.52,10.13,118934,1708.61,107.98,0.07,132.56,1,1,-1,3804,0,0,0,1,0,42400,39300,38700,49650,33001.666666666664,34814.166666666664,38005.0,39505.0,40610.0
20160324,0.0,0.24,-6.47,-5.98,6576,-24.36,35.19,0.0,7.33,1,1,-1,3454,0,0,0,1,0,38500,40950,38300,41050,32814.583333333336,34593.333333333336,37690.0,39000.0,40230.0
20160323,1.97,5.67,-0.86,0.86,8694,-10.07,73.13,0.0,9.69,-1,1,1,3674,0,0,0,1,0,40950,41400,40250,42900,32659.583333333332,34447.5,37510.0,38855.0,40170.0
20160322,-0.12,5.67,-4.93,0.0,9668,16.1,79.14,0.0,10.78,1,1,-1,3643,0,0,0,1,0,40600,40550,38600,42900,32478.75,34265.0,37305.0,38475.0,39720.0
20160321,3.7,8.64,-4.44,0.25,8327,-40.01,67.07,0.0,9.28,1,1,1,3643,0,0,0,1,0,40600,42000,38700,44000,32305.416666666668,34058.333333333336,37272.5,38115.0,39160.0
20160318,-0.39,7.98,-1.7,6.02,13881,369.11,169.89,0.0,15.47,-1,1,1,3634,0,0,0,1,0,40500,38050,37550,41250,32130.0,33853.333333333336,37385.0,37690.0,38400.0
20160317,1.03,1.16,-5.17,-1.29,2959,-69.21,26.4,0.15,3.3,1,1,-1,3427,0,0,0,1,0,38200,39100,36700,39150,31952.916666666668,33653.333333333336,37660.0,37355.0,37770.0
20160316,4.37,12.7,0.66,2.38,9610,-18.13,64.95,0.0,10.71,-1,1,1,3472,0,0,0,1,0,38700,39450,38050,42600,31797.916666666668,33505.0,38200.0,37155.0,37540.0
20160315,0.0,7.74,-4.21,2.72,11738,426.37,111.39,0.29,13.08,1,1,-1,3391,0,0,0,1,0,37800,36800,35250,39650,31637.5,33363.333333333336,38415.0,36845.0,37230.0
20160314,0.13,0.13,-2.54,-1.47,2230,-19.73,17.31,0.0,2.49,-1,1,1,3302,0,0,0,1,0,36800,37400,36400,37400,31483.75,33243.333333333336,38742.5,36635.0,37070.0
20160311,0.27,2.43,-1.21,0.81,2778,7.93,26.78,0.12,3.1,1,1,-1,3351,0,0,0,1,0,37350,37150,36600,37950,31340.0,33094.166666666664,39267.5,36505.0,36980.0
20160310,2.29,2.29,-1.75,-0.27,2574,-48.57,67.33,0.0,2.87,-1,1,1,3324,0,0,0,1,0,37050,38000,36500,38000,31191.666666666668,32938.333333333336,39220.0,36380.0,36940.0
20160309,2.16,2.16,-2.7,0.41,5005,-69.89,59.62,0.02,5.58,1,1,-1,3333,0,0,0,1,0,37150,37800,36000,37800,31044.166666666668,32825.833333333336,39145.0,36165.0,36770.0
20160308,1.65,10.73,-0.14,1.79,16625,196.08,74.3,0.0,18.53,1,1,1,3320,0,0,0,1,0,37000,36950,36300,40250,30894.583333333332,32723.333333333332,38655.0,36135.0,36460.0
20160307,2.29,2.29,-4.31,-2.15,5615,-50.41,51.28,0.0,6.26,1,1,1,3261,0,0,0,1,0,36350,38000,35550,38000,30746.25,32606.666666666668,38430.0,36430.0,36200.0
20160304,3.45,8.84,-0.97,2.62,11322,38.34,86.48,0.0,12.62,-1,1,1,3333,0,0,0,1,0,37150,37450,35850,39400,30603.75,32525.0,38295.0,37080.0,36030.0
20160303,-0.98,2.81,-2.25,1.69,8184,14.21,101.59,0.05,9.12,1,1,-1,3248,0,0,0,1,0,36200,35250,34800,36600,30452.083333333332,32388.333333333332,38190.0,37965.0,35820.0
20160302,2.24,2.24,-2.52,-0.28,7166,-40.92,45.83,0.0,7.99,1,1,1,3194,0,0,0,1,0,35600,36500,34800,36500,30307.083333333332,32220.0,38280.0,39245.0,35560.0
20160229,1.69,6.34,-3.1,0.56,12129,-40.78,81.26,0.0,13.52,1,1,1,3203,0,0,0,1,0,35700,36100,34400,37750,30170.0,32070.0,38302.5,39985.0,35810.0
20160226,2.22,6.65,-5.12,-1.66,20480,-51.65,45.52,0.0,22.83,1,1,1,3185,0,0,0,1,0,35500,36900,34250,38500,30033.333333333332,31907.5,38300.0,40850.0,36660.0
20160225,-1.72,19.2,-2.15,3.44,42361,100.92,84.79,0.0,47.21,-1,1,-1,3239,0,0,0,1,0,36100,34300,34150,41600,29897.916666666668,31766.666666666668,38455.0,42030.0,38130.0
20160224,1.49,1.49,-7.73,-5.29,21084,-20.72,48.66,0.06,23.5,-1,1,1,3131,0,0,0,1,0,34900,37400,34000,37400,29760.0,31614.166666666668,38135.0,42060.0,40110.0
20160223,-1.25,0.5,-11.26,-7.76,26593,37.69,42.0,0.22,29.64,1,1,-1,3306,0,0,0,1,0,36850,39450,35450,40150,29625.833333333332,31506.666666666668,37837.5,42125.0,42930.0
20160222,0.12,2.22,-9.1,-6.77,19314,-39.59,32.17,0.14,21.53,-1,1,1,3584,0,0,0,1,0,39950,42900,38950,43800,29470.833333333332,31375.833333333332,37467.5,41175.0,44160.0
20160219,-2.17,-0.22,-8.48,-6.85,31973,-16.48,51.0,1.23,35.64,-1,1,1,3845,0,0,0,1,0,42850,45000,42100,45900,29285.833333333332,31213.333333333332,36987.5,40430.0,45040.0
20160218,-6.12,1.63,-10.2,-6.12,38283,-73.15,45.05,1.29,42.67,-1,1,1,4127,0,0,0,1,0,46000,46000,44000,49800,29076.25,31015.0,36357.5,39510.0,45930.0
20160217,0.23,30.0,-0.93,13.95,142566,91.35,115.28,1.37,158.9,1,1,-1,4396,0,0,0,1,0,49000,43100,42600,55900,28838.75,30753.333333333332,35547.5,38415.0,44010.0
20160216,-2.03,4.06,-9.02,-3.04,74504,-25.92,63.67,0.99,83.04,1,1,-1,3858,0,0,0,1,0,43000,43450,40350,46150,28581.666666666668,30460.0,34545.0,37315.0,41320.0
20160215,4.12,25.37,-6.98,-6.24,100577,41.57,85.7,0.49,112.1,1,1,-1,3979,0,0,0,1,0,44350,49250,44000,59300,28374.166666666668,30266.666666666668,33820.0,36620.0,38190.0
20160212,9.89,29.95,5.22,29.95,71042,0.02,95.56,0.0,79.18,-1,1,1,4244,0,0,0,1,0,47300,40000,38300,47300,28170.833333333332,30081.666666666668,33040.0,35750.0,35820.0
20160211,4.08,17.3,-5.49,2.39,71027,-21.19,82.18,0.02,79.16,1,1,-1,3266,0,0,0,1,0,36400,37000,33600,41700,27944.166666666668,29895.833333333332,32070.0,34880.0,33090.0
20160205,7.86,29.98,7.86,29.98,90122,427.18,96.69,0.0,100.45,1,1,1,3190,0,0,0,1,0,35550,29500,29500,35550,27807.083333333332,29869.166666666668,31587.5,34210.0,32820.0
20160204,-2.77,-2.46,-15.85,-15.85,17095,100.43,79.83,0.0,19.05,1,1,1,2454,0,0,0,1,0,27350,31600,27350,31700,27675.0,29876.666666666668,31125.0,33550.0,33310.0
20160203,-2.38,5.5,-6.69,-3.42,8529,57.3,79.56,0.0,9.51,1,1,1,2916,0,0,0,1,0,32500,32850,31400,35500,27612.083333333332,30170.833333333332,31092.5,33760.0,35050.0
20160202,-1.57,-0.14,-6.85,-3.99,5422,-45.92,13.32,0.0,6.04,1,1,1,3019,0,0,0,1,0,33650,34500,32650,35000,27507.916666666668,30206.666666666668,30800.0,33545.0,35680.0
20160201,4.08,4.21,-9.74,-7.76,10026,-60.35,22.27,0.0,11.17,1,1,1,3145,0,0,0,1,0,35050,39550,34300,39600,27385.833333333332,30227.5,30450.0,33205.0,36670.0
20160129,-0.28,14.98,-2.08,5.41,25284,61.28,110.09,0.0,28.18,1,1,1,3409,0,0,0,1,0,38000,35950,35300,41450,27255.833333333332,30211.666666666668,30015.0,32680.0,35600.0
20160128,0.0,7.01,-5.19,1.12,15677,-70.39,64.22,0.0,17.47,1,1,1,3234,0,0,0,1,0,36050,35650,33800,38150,27092.083333333332,30186.666666666668,29427.5,31775.0,33790.0
20160127,6.61,16.45,-10.36,-7.64,52944,1045.97,58.2,0.0,59.01,1,1,-1,3199,0,0,0,1,0,35650,41150,34600,44950,26941.666666666668,30210.0,28975.0,31020.0,32470.0
20160126,29.97,29.97,29.97,29.97,4620,86.37,0.0,0.0,5.15,1,1,1,3463,0,0,0,1,0,38600,38600,38600,38600,26795.416666666668,30347.5,28522.5,30330.0,31410.0
20160125,0.17,8.12,-1.55,2.59,2479,41.01,205.98,0.0,2.76,1,1,1,2665,0,0,0,1,0,29700,29000,28500,31300,26624.583333333332,30557.5,27982.5,29260.0,29740.0
20160122,0.85,0.85,-7.13,-1.7,1758,198.47,28.22,0.0,1.96,1,1,1,2597,0,0,0,1,0,28950,29700,27350,29700,26531.25,30853.333333333332,27955.0,28965.0,29760.0
20160121,-2.14,-0.16,-6.75,-2.97,589,181.82,53.03,0.0,0.66,1,1,1,2642,0,0,0,1,0,29450,29700,28300,30300,26449.166666666668,31467.5,27995.0,28700.0,29760.0
20160120,2.48,2.48,-1.82,0.33,209,-64.76,118.68,0.0,0.23,1,1,1,2723,0,0,0,1,0,30350,31000,29700,31000,26358.75,32073.333333333332,28022.5,28425.0,29570.0
20160119,2.18,2.52,-2.35,1.51,593,-47.24,52.85,0.0,0.66,1,1,1,2714,0,0,0,1,0,30250,30450,29100,30550,26275.0,32515.833333333332,27915.0,28055.0,29250.0
20160118,0.0,2.94,-1.21,2.94,1124,-22.8,140.69,0.0,1.25,1,1,1,2674,0,0,0,1,0,29800,28950,28600,29800,26224.583333333332,32741.666666666668,27817.5,27695.0,28780.0
20160115,-1.58,2.81,-3.68,1.58,1456,375.82,312.22,0.0,1.62,1,1,1,2597,0,0,0,1,0,28950,28050,27450,29300,26202.083333333332,32806.666666666664,27752.5,27350.0,28170.0
20160114,0.0,0.87,-4.17,-0.87,306,-87.84,288.46,0.0,0.34,1,1,1,2557,0,0,0,1,0,28500,28750,27550,29000,26134.583333333332,32756.666666666668,27770.0,27080.0,27640.0
20160113,-1.43,8.24,-1.43,3.05,2516,-8.68,73.69,0.0,2.8,1,1,1,2580,0,0,0,1,0,28750,27500,27500,30200,26075.416666666668,32663.333333333332,27855.0,26930.0,27280.0
20160112,0.56,4.3,0.56,4.3,2755,682.67,153.49,0.0,3.07,1,1,1,2503,0,0,0,1,0,27900,26900,26900,27900,26020.833333333332,32605.0,27947.5,26715.0,26860.0
20160111,2.28,2.28,0.0,1.71,352,-48.08,11.43,0.0,0.39,1,1,1,2400,0,0,0,1,0,26750,26900,26300,26900,25997.083333333332,32464.166666666668,27945.0,26705.0,26610.0
20160108,2.62,2.62,-1.69,-1.5,678,653.33,87.02,0.0,0.76,1,1,1,2360,0,0,0,1,0,26300,27400,26250,27400,25982.916666666668,32339.166666666668,28007.5,26945.0,26530.0
20160107,0.56,0.75,-1.69,0.19,90,-97.75,88.37,0.0,0.1,1,1,1,2396,0,0,0,1,0,26700,26800,26200,26850,25924.583333333332,32220.0,28207.5,27290.0,26520.0
20160106,0.75,3.19,-4.69,0.0,4008,31.11,24.3,0.0,4.47,1,1,1,2391,0,0,0,1,0,26650,26850,25400,27500,25855.0,32093.333333333332,28422.5,27620.0,26580.0
20160105,-0.19,2.47,-2.66,1.14,3057,-69.3,11.21,0.0,3.41,1,1,1,2391,0,0,0,1,0,26650,26300,25650,27000,25783.75,31963.333333333332,28590.0,27775.0,26570.0
20160104,0.19,4.0,-5.9,0.38,9958,547.04,33.71,0.0,11.1,1,1,1,2364,0,0,0,1,0,26350,26300,24700,27300,25707.916666666668,31827.5,28830.0,27940.0,26800.0
20151230,1.85,1.85,-3.7,-2.78,1539,-42.81,20.5,0.0,1.72,1,1,1,2355,0,0,0,1,0,26250,27500,26000,27500,25641.25,31709.166666666668,28960.0,28155.0,27360.0
20151229,0.56,3.2,-2.44,1.5,2691,-50.09,77.5,0.0,3.0,1,1,-1,2422,0,0,0,1,0,27000,26750,25950,27450,25575.416666666668,31580.0,28952.5,28460.0,28060.0
20151228,1.26,3.96,-6.29,-4.32,5392,278.92,23.82,0.0,6.01,1,1,-1,2387,0,0,0,1,0,26600,28150,26050,28900,25505.416666666668,31449.166666666668,28932.5,28780.0,28660.0
20151224,2.4,4.46,-4.63,-4.63,1423,-32.94,68.5,0.0,1.59,1,1,1,2494,0,0,0,1,0,27800,29850,27800,30450,25442.083333333332,31329.166666666668,28900.0,29180.0,28980.0
20151223,0.84,0.84,-2.52,-2.02,2122,-36.08,62.17,0.0,2.37,1,1,1,2615,0,0,0,1,0,29150,30000,29000,30000,25353.75,31189.166666666668,28862.5,29185.0,29080.0
20151222,5.0,5.0,-3.5,-0.83,3320,-70.48,64.35,0.0,3.7,1,1,1,2669,0,0,0,1,0,29750,31500,28950,31500,25257.916666666668,31035.833333333332,28752.5,29070.0,28950.0
20151221,2.13,15.78,-1.77,6.38,11248,219.55,100.65,0.0,12.54,1,1,-1,2692,0,0,0,1,0,30000,28800,27700,32650,25146.666666666668,30871.666666666668,28687.5,29125.0,28860.0
20151218,2.47,2.47,-1.59,-0.35,3520,22.56,115.18,0.0,3.92,1,1,1,2530,0,0,0,1,0,28200,29000,27850,29000,25026.666666666668,30692.5,28637.5,29225.0,28900.0
20151217,2.28,2.46,-3.51,-0.7,2872,2.83,17.29,0.0,3.2,1,1,1,2539,0,0,0,1,0,28300,29150,27500,29200,24920.416666666668,30552.5,28737.5,29405.0,29380.0
20151216,2.39,6.48,-4.44,-2.73,2793,-27.28,56.24,0.0,3.11,1,1,1,2557,0,0,0,1,0,28500,30000,28000,31200,24810.0,30406.666666666668,28870.0,29720.0,29290.0
20151215,-3.64,1.66,-5.3,-2.98,3841,-67.62,65.27,0.0,4.28,1,1,1,2629,0,0,0,1,0,29300,29100,28600,30700,24702.083333333332,30252.5,28960.0,29765.0,29190.0
20151214,3.59,12.75,-5.23,-1.31,11861,-39.55,65.51,0.0,13.22,1,1,-1,2710,0,0,0,1,0,30200,31700,29000,34500,24595.416666666668,30090.833333333332,29065.0,29445.0,29390.0
20151211,0.0,15.26,0.0,9.87,19621,464.8,99.14,0.0,21.87,1,1,1,2745,0,0,0,1,0,30600,27850,27850,32100,24476.666666666668,29911.666666666668,29125.0,29085.0,29550.0
20151210,3.04,5.89,-3.57,-0.54,3474,-22.14,44.66,0.0,3.87,1,1,-1,2499,0,0,0,1,0,27850,28850,27000,29650,24345.0,29724.166666666668,29257.5,28620.0,29430.0
20151209,-2.81,0.17,-7.59,-7.59,4462,-31.92,25.79,0.0,4.97,1,1,-1,2512,0,0,0,1,0,28000,29450,28000,30350,24231.25,29585.833333333332,29672.5,28540.0,30150.0
20151208,0.16,8.06,-6.45,-2.26,6554,11.9,113.57,0.0,7.3,1,1,-1,2719,0,0,0,1,0,30300,31050,29000,33500,24128.333333333332,29445.0,30012.5,28435.0,30340.0
20151207,-2.17,9.83,-4.17,3.33,5857,-40.47,89.45,0.0,6.53,1,1,1,2781,0,0,0,1,0,31000,29350,28750,32950,24003.75,29262.5,30297.5,28250.0,29500.0
20151204,-1.11,3.34,-10.97,-4.61,9839,-63.42,52.92,0.0,10.97,1,1,1,2692,0,0,0,1,0,30000,31100,28000,32500,23867.5,29065.833333333332,30997.5,28050.0,28620.0
20151203,-1.55,17.44,-4.32,8.64,26896,-54.18,98.82,0.0,29.98,1,1,1,2822,0,0,0,1,0,31450,28500,27700,34000,23734.166666666668,28885.833333333332,31230.0,28070.0,27810.0
20151202,0.57,27.2,0.57,10.92,58697,84.77,133.23,0.0,65.42,1,1,1,2597,0,0,0,1,0,28950,26250,26250,33200,23587.5,28682.5,31402.5,28020.0,26930.0
20151201,1.13,12.41,-2.63,-1.88,31768,69.2,95.22,0.0,35.41,1,1,-1,2342,0,0,0,1,0,26100,26900,25900,29900,23462.083333333332,28515.833333333332,31660.0,28155.0,26530.0
20151130,0.19,10.79,-1.73,2.5,18775,537.74,167.12,0.0,20.93,1,1,-1,2387,0,0,0,1,0,26600,26000,25500,28750,23360.416666666668,28394.166666666668,32180.0,28685.0,27000.0
20151127,0.92,0.92,-6.47,-4.07,2944,54.7,30.88,0.0,3.28,1,1,1,2328,0,0,0,1,0,25950,27300,25300,27300,23250.833333333332,28270.0,32722.5,29165.0,27480.0
20151126,0.0,1.67,-3.15,0.37,1903,-69.55,94.47,0.0,2.12,1,1,1,2427,0,0,0,1,0,27050,26950,26100,27400,23147.083333333332,28159.166666666668,33620.0,29895.0,28330.0
20151125,-2.11,0.18,-6.85,-5.27,6250,99.68,61.16,0.0,6.97,1,1,-1,2418,0,0,0,1,0,26950,27850,26500,28500,23030.833333333332,28029.166666666668,34827.5,30805.0,29110.0
20151124,-1.38,0.17,-4.48,-1.9,3130,-70.48,19.62,0.0,3.49,1,1,1,2553,0,0,0,1,0,28450,28600,27700,29050,22916.25,27905.833333333332,35852.5,31590.0,29780.0
20151123,-4.14,0.0,-6.79,-3.97,10603,27.39,135.74,0.0,11.82,1,1,1,2602,0,0,0,1,0,29000,28950,28150,30200,22785.833333333332,27745.0,37720.0,32345.0,30370.0
20151120,-0.48,7.11,-2.42,-2.42,8323,-1.46,65.14,0.0,9.28,1,1,1,2710,0,0,0,1,0,30200,30800,30200,33150,22644.166666666668,27565.833333333332,39560.0,33945.0,30850.0
20151119,0.0,5.12,-0.83,2.15,8446,4.78,85.27,0.0,9.41,1,1,-1,2777,0,0,0,1,0,30950,30300,30050,31850,22491.666666666668,27358.333333333332,40895.0,34390.0,31460.0
20151118,0.0,1.27,-6.05,-3.5,8061,23.54,35.15,0.0,8.98,1,1,1,2719,0,0,0,1,0,30300,31400,29500,31800,22334.166666666668,27137.5,41537.5,34785.0,32500.0
20151117,0.0,5.89,-2.55,0.0,6525,-51.19,55.25,0.0,7.27,1,1,1,2817,0,0,0,1,0,31400,31400,30600,33250,22182.5,26924.166666666668,41707.5,35165.0,33400.0
20151116,-0.45,3.31,-8.27,-5.56,13368,-31.2,37.95,0.0,14.9,1,1,1,2817,0,0,0,1,0,31400,33100,30500,34350,22019.583333333332,26703.333333333332,41435.0,35675.0,34320.0
20151113,-4.29,-3.87,-10.65,-8.02,19430,-72.41,50.72,0.0,21.66,1,1,-1,2983,0,0,0,1,0,33250,34600,32300,34750,21859.166666666668,26481.666666666668,41010.0,36280.0,37040.0
20151112,-0.29,19.83,-5.6,3.88,70436,76.92,98.39,0.0,78.5,1,1,1,3243,0,0,0,1,0,36150,34700,32850,41700,21680.833333333332,26260.0,40610.0,37345.0,37320.0
20151111,-0.69,4.03,-9.03,-3.33,39813,-55.85,66.5,0.0,44.37,1,1,-1,3122,0,0,0,1,0,34800,35750,32750,37450,21479.583333333332,25992.5,39775.0,38850.0,37070.0
20151110,0.0,15.11,-21.44,-20.0,90183,79.31,56.25,0.0,100.51,1,1,-1,3230,0,0,0,1,0,36000,45000,35350,51800,21290.0,25745.0,38997.5,40115.0,36930.0
20151109,3.75,29.87,3.46,29.87,50294,173.5,174.69,0.0,56.06,1,1,-1,4037,0,0,0,1,0,45000,35950,35850,45000,21088.75,25473.333333333332,38155.0,43095.0,37030.0
20151106,1.72,6.59,-5.44,-0.72,18389,40.18,84.78,0.0,20.5,1,1,1,3109,0,0,0,1,0,34650,35500,33000,37200,20815.416666666668,25053.333333333332,36860.0,45175.0,35520.0
20151105,0.0,6.16,-5.28,2.35,13118,-7.37,94.52,0.0,14.62,1,1,1,3131,0,0,0,1,0,34900,34100,32300,36200,20628.333333333332,24809.166666666668,36070.0,47400.0,37370.0
20151104,-2.88,-0.55,-11.51,-6.58,14162,-42.93,30.07,0.0,15.78,1,1,1,3060,0,0,0,1,0,34100,35450,32300,36300,20440.833333333332,24544.166666666668,35250.0,48290.0,40630.0
20151103,-1.6,10.95,-3.87,-2.54,24816,-21.1,64.96,0.0,27.66,1,1,-1,3275,0,0,0,1,0,36500,36850,36000,41550,20260.0,24300.0,34507.5,48250.0,43300.0
20151102,-2.05,2.73,-16.86,-14.69,31452,140.62,52.74,0.0,35.05,1,1,1,3360,0,0,0,1,0,37450,43000,36500,45100,20057.083333333332,23997.5,33607.5,47195.0,49160.0
20151030,-13.09,-4.3,-14.26,-14.26,13071,-42.84,50.36,0.0,14.57,1,1,-1,3939,0,0,0,1,0,43900,44500,43900,49000,19850.0,23673.333333333332,32692.5,45740.0,54830.0
20151029,5.37,26.45,5.37,7.9,22867,25.82,52.17,0.0,25.49,1,1,1,4594,0,0,0,0,1,51200,50000,50000,60000,19588.75,23243.333333333332,31467.5,43875.0,57430.0
20151028,-8.36,-8.36,-29.79,-27.89,18175,0.0,51.8,0.0,20.26,1,1,-1,4257,0,0,0,1,0,47450,60300,46200,60300,19262.916666666668,22691.666666666668,29877.5,40700.0,55950.0
20151027,0.0,0.0,0.0,0.0,0,-100.0,0.0,0.0,0.0,1,1,1,5904,0,0,0,0,1,65800,65800,65800,65800,18966.25,22209.166666666668,28502.5,37880.0,53200.0
20151026,0.0,21.09,-2.64,15.64,89480,47.13,91.82,0.0,99.73,1,1,-1,5904,0,0,0,0,1,65800,56900,55400,68900,18523.75,21430.833333333332,26207.5,33215.0,45230.0
20151023,25.34,29.91,11.87,29.91,60819,481.11,84.47,0.0,67.79,1,1,1,5105,0,0,0,0,1,56900,54900,49000,56900,18077.083333333332,20644.166666666668,23880.0,28545.0,36650.0
20151022,26.11,29.97,20.03,29.97,10466,-80.09,243.62,0.0,11.66,1,1,1,3930,0,0,0,1,0,43800,42500,40450,43800,17705.0,20034.166666666668,22025.0,24740.0,30320.0
20151021,-4.82,29.87,-6.17,29.87,52573,89.68,59.59,0.0,58.6,1,1,-1,3024,0,0,0,1,0,33700,24700,24350,33700,17443.333333333332,19707.5,20812.5,22210.0,25450.0
20151020,0.0,26.42,-3.93,13.32,27717,-32.9,107.68,0.0,30.89,1,1,1,2328,0,0,0,1,0,25950,22900,22000,28950,17264.166666666668,19597.5,20090.0,20765.0,22560.0
20151019,8.91,20.0,-13.66,-9.31,41307,154.93,79.77,0.0,46.04,1,1,1,2055,0,0,0,1,0,22900,27500,21800,30300,17149.583333333332,19512.5,19772.5,20020.0,21200.0
20151016,0.26,29.82,0.26,29.82,16203,213.95,319.54,0.0,18.06,1,1,-1,2265,0,0,0,1,0,25250,19500,19500,25250,17051.666666666668,19487.5,19600.0,19645.0,20440.0
20151015,0.52,4.42,-0.78,1.04,5161,-14.72,171.01,0.0,5.75,1,1,1,1745,0,0,0,1,0,19450,19350,19100,20100,16939.166666666668,19436.666666666668,19305.0,19060.0,19160.0
20151014,2.87,8.88,-2.87,0.52,6052,151.33,88.83,0.0,6.75,1,1,1,1727,0,0,0,1,0,19250,19700,18600,20850,16877.083333333332,19530.0,19310.0,19055.0,18970.0
20151013,0.0,3.14,-1.57,0.26,2408,82.7,69.68,0.0,2.68,1,1,1,1718,0,0,0,1,0,19150,19100,18800,19700,16826.25,19626.666666666668,19325.0,19125.0,18970.0
20151012,0.0,3.18,-0.27,1.33,1318,-8.34,10.4,0.0,1.47,1,1,1,1714,0,0,0,1,0,19100,18850,18800,19450,16778.333333333332,19629.166666666668,19335.0,19200.0,18840.0
20151008,0.27,6.49,0.27,1.89,1438,3.9,144.36,0.0,1.6,1,1,1,1691,0,0,0,1,0,18850,18550,18550,19700,16731.25,19616.666666666668,19340.0,19215.0,18850.0
20151007,-0.78,3.9,-3.9,-3.9,1384,106.57,49.19,0.0,1.54,1,1,1,1660,0,0,0,1,0,18500,19100,18500,20000,16683.333333333332,19604.166666666668,19357.5,19310.0,18960.0
20151006,2.43,5.14,-1.08,4.05,670,-69.49,243.23,0.0,0.75,1,1,1,1727,0,0,0,1,0,19250,18950,18300,19450,16642.916666666668,19588.333333333332,19395.0,19415.0,19140.0
20151005,0.78,2.35,-3.39,-3.39,2196,-15.18,20.56,0.0,2.45,1,1,1,1660,0,0,0,1,0,18500,19300,18500,19600,16595.416666666668,19573.333333333332,19380.0,19415.0,19280.0
20151002,-0.77,-0.52,-4.12,-1.29,2589,513.51,166.26,0.0,2.89,1,1,1,1718,0,0,0,1,0,19150,19250,18600,19300,16552.083333333332,19570.833333333332,19395.0,19525.0,19560.0
20151001,1.29,1.29,-2.06,0.0,422,-45.27,20.98,0.0,0.47,1,1,1,1741,0,0,0,1,0,19400,19650,19000,19650,16499.583333333332,19561.666666666668,19395.0,19555.0,19580.0
20150930,-0.25,0.0,-4.26,-2.76,771,86.68,58.76,0.0,0.86,1,1,1,1741,0,0,0,1,0,19400,19900,19100,19950,16447.916666666668,19555.0,19390.0,19550.0,19660.0
20150925,-1.51,0.5,-1.51,0.25,413,-26.38,0.0,0.0,0.46,1,1,1,1790,0,0,0,1,0,19950,19600,19600,20000,16395.416666666668,19518.333333333332,19382.5,19565.0,19690.0
20150924,0.52,5.97,0.0,3.38,561,156.16,761.54,0.0,0.63,1,1,1,1785,0,0,0,1,0,19900,19350,19250,20400,16338.333333333334,19480.0,19362.5,19525.0,19550.0
20150923,-2.78,0.51,-2.78,-2.78,219,-87.55,23.13,0.0,0.24,1,1,1,1727,0,0,0,1,0,19250,19250,19250,19900,16281.666666666666,19421.666666666668,19307.5,19470.0,19490.0
20150922,0.26,3.32,-1.79,1.28,1759,126.97,133.38,0.0,1.96,1,1,1,1776,0,0,0,1,0,19800,19600,19200,20200,16224.583333333334,19360.833333333332,19257.5,19465.0,19530.0
20150921,0.0,3.9,-2.34,1.56,775,-72.49,91.81,0.0,0.86,1,1,1,1754,0,0,0,1,0,19550,19250,18800,20000,16172.083333333334,19288.333333333332,19155.0,19405.0,19440.0
20150918,0.51,0.77,-5.1,-1.79,2817,96.86,33.33,0.0,3.14,1,1,1,1727,0,0,0,1,0,19250,19700,18600,19750,16117.083333333334,19213.333333333332,19062.5,19375.0,19440.0
20150917,-1.03,3.08,-2.06,0.77,1431,37.73,367.21,0.0,1.59,1,1,1,1759,0,0,0,1,0,19600,19250,19050,20050,16075.833333333334,19151.666666666668,18975.0,19345.0,19500.0
20150916,0.0,1.03,-1.81,0.52,1039,-69.83,3.68,0.0,1.16,1,1,1,1745,0,0,0,1,0,19450,19350,19000,19550,16029.166666666666,19100.0,18902.5,19265.0,19450.0
20150915,0.0,1.02,-3.07,-1.02,3444,-75.85,5.15,0.0,3.84,1,1,-1,1736,0,0,0,1,0,19350,19550,18950,19750,15982.083333333334,19041.666666666668,18835.0,19235.0,19400.0
20150914,-0.26,16.11,-3.84,0.0,14260,3723.06,92.97,0.0,15.89,1,1,1,1754,0,0,0,1,0,19550,19500,18800,22700,15932.916666666666,18965.833333333332,18865.0,19230.0,19370.0
20150911,0.0,1.29,-1.03,1.03,373,521.67,830.0,0.0,0.42,1,1,1,1754,0,0,0,1,0,19550,19350,19150,19600,15880.0,18876.666666666668,18892.5,19200.0,19310.0
20150910,0.52,1.04,-0.52,0.78,60,-66.67,168.18,0.0,0.07,1,1,1,1736,0,0,0,1,0,19350,19300,19100,19400,15832.916666666666,18811.666666666668,18912.5,19200.0,19190.0
20150909,-2.6,1.04,-2.6,0.0,180,-93.07,39.8,0.0,0.2,1,1,1,1723,0,0,0,1,0,19200,18700,18700,19400,15787.5,18745.0,18930.0,19145.0,19080.0
20150908,1.04,3.12,-3.12,-0.26,2596,211.64,96.89,0.0,2.89,1,1,1,1723,0,0,0,1,0,19200,19450,18650,19850,15741.666666666666,18669.166666666668,18960.0,19050.0,19070.0
20150907,0.26,2.11,-2.64,1.58,833,-65.15,1310.17,0.0,0.93,1,1,1,1727,0,0,0,1,0,19250,19000,18450,19350,15703.333333333334,18582.5,19000.0,18905.0,19090.0
20150904,2.39,4.26,-6.12,0.8,2390,91.2,43.78,0.0,2.66,1,1,1,1700,0,0,0,1,0,18950,19250,17650,19600,15669.166666666666,18492.5,18987.5,18750.0,19090.0
20150903,0.0,3.39,-4.44,-1.83,1250,-3.4,8.47,0.0,1.39,1,1,1,1687,0,0,0,1,0,18800,19150,18300,19800,15626.25,18408.333333333332,19012.5,18605.0,19210.0
20150902,-2.07,-0.78,-5.44,-0.78,1294,411.46,120.68,0.0,1.44,1,1,1,1718,0,0,0,1,0,19150,18900,18250,19150,15584.166666666666,18326.666666666668,18990.0,18540.0,19210.0
20150901,2.34,2.86,-4.94,0.26,253,-86.95,14.55,0.0,0.28,1,1,1,1732,0,0,0,1,0,19300,19700,18300,19800,15536.666666666666,18231.666666666668,18932.5,18435.0,19030.0
20150831,1.79,1.79,-7.93,-1.53,1938,-44.9,43.22,0.0,2.16,1,1,1,1727,0,0,0,1,0,19250,19900,18000,19900,15486.666666666666,18135.0,18872.5,18500.0,18720.0
20150828,0.0,5.59,-1.06,3.99,3517,60.37,233.65,0.0,3.92,1,1,1,1754,0,0,0,1,0,19550,18800,18600,19850,15443.75,18032.5,18815.0,18585.0,18410.0
20150827,4.11,4.11,-2.47,3.01,2193,40.49,93.45,0.0,2.44,1,1,1,1687,0,0,0,1,0,18800,19000,17800,19000,15400.833333333334,17926.666666666668,18762.5,18625.0,18000.0
20150826,0.85,6.48,-0.85,2.82,1561,-17.19,218.57,0.0,1.74,1,1,1,1637,0,0,0,1,0,18250,17900,17600,18900,15364.583333333334,17826.666666666668,18777.5,18715.0,17870.0
20150825,-3.95,1.41,-5.08,0.28,1885,508.06,16.94,0.0,2.1,1,1,1,1593,0,0,0,1,0,17750,17000,16800,17950,15333.333333333334,17722.5,18795.0,18870.0,17840.0
20150824,4.86,4.86,-5.43,1.14,310,-86.36,90.12,0.0,0.35,1,1,1,1588,0,0,0,1,0,17700,18350,16550,18350,15316.666666666666,17625.0,18922.5,19095.0,18280.0
20150821,-9.09,-0.55,-9.37,-3.58,2272,66.81,105.13,0.0,2.53,1,1,1,1570,0,0,0,1,0,17500,16500,16450,18050,15309.166666666666,17530.833333333332,19247.5,19225.0,18760.0
20150820,0.0,3.59,-0.83,0.28,1362,-37.15,56.79,0.0,1.52,1,1,1,1628,0,0,0,1,0,18150,18100,17950,18750,15290.833333333334,17440.833333333332,19727.5,19420.0,19250.0
20150819,-2.26,1.75,-9.77,-9.27,2167,10.0,27.99,0.0,2.42,1,1,1,1624,0,0,0,1,0,18100,19500,18000,20300,15284.166666666666,17335.833333333332,19862.5,19440.0,19560.0
20150818,-1.99,6.47,-3.48,-0.75,1970,162.32,103.01,0.0,2.2,1,1,1,1790,0,0,0,1,0,19950,19700,19400,21400,15259.166666666666,17236.666666666668,20027.5,19430.0,19900.0
20150817,-0.5,2.26,-4.76,0.75,751,56.46,93.09,0.0,0.84,1,1,1,1803,0,0,0,1,0,20100,19850,19000,20400,15202.5,17101.666666666668,20140.0,19245.0,19910.0
20150813,-2.28,4.57,-3.05,1.27,480,-51.22,315.93,0.0,0.53,1,1,1,1790,0,0,0,1,0,19950,19250,19100,20600,15142.916666666666,16966.666666666668,20387.5,19045.0,19690.0
20150812,-1.01,3.54,-5.56,-0.51,984,-48.59,106.95,0.0,1.1,1,1,1,1768,0,0,0,1,0,19700,19600,18700,20500,15087.916666666666,16835.0,20642.5,18900.0,19590.0
20150811,0.5,1.0,-3.75,-1.0,1914,-48.45,23.91,0.0,2.13,1,1,1,1776,0,0,0,1,0,19800,20100,19250,20200,15032.5,16704.166666666668,20622.5,18840.0,19320.0
20150810,7.37,7.37,0.0,5.26,3713,65.32,123.28,0.0,4.14,1,1,1,1794,0,0,0,1,0,20000,20400,19000,20400,14972.916666666666,16577.5,20550.0,18720.0,18960.0
20150807,-2.31,3.08,-4.88,-2.31,2246,-71.38,48.74,0.0,2.5,1,1,1,1705,0,0,0,1,0,19000,19000,18500,20050,14910.0,16447.5,20455.0,18750.0,18580.0
20150806,0.0,14.44,0.0,5.99,7847,279.45,149.38,0.0,8.75,1,1,1,1745,0,0,0,1,0,19450,18350,18350,21000,14853.75,16337.5,20382.5,19270.0,18400.0
20150805,-0.56,2.22,-3.06,1.94,2068,-53.03,22.0,0.0,2.3,1,1,-1,1646,0,0,0,1,0,18350,17900,17450,18400,14795.0,16220.0,20327.5,20035.0,18210.0
20150804,-0.55,5.25,-1.66,-0.55,4403,21.23,76.77,0.0,4.91,1,1,-1,1615,0,0,0,1,0,18000,18000,17800,19050,14745.833333333334,16116.666666666666,20327.5,20285.0,18360.0
20150803,0.55,1.93,-4.42,0.0,3632,47.28,16.82,0.0,4.05,1,1,-1,1624,0,0,0,1,0,18100,18200,17300,18450,14711.666666666666,16026.666666666666,20357.5,20625.0,18480.0
20150731,-0.54,0.54,-3.78,-2.16,2466,-55.0,20.34,0.0,2.75,1,1,1,1624,0,0,0,1,0,18100,18400,17800,18600,14661.666666666666,15934.166666666666,20402.5,21035.0,18920.0
20150730,0.0,3.14,-6.81,-3.14,5480,-75.57,31.34,0.0,6.11,1,1,1,1660,0,0,0,1,0,18500,19100,17800,19700,14598.75,15834.166666666666,20357.5,21730.0,20140.0
20150729,-1.08,26.88,-5.91,2.69,22433,74.63,101.02,0.0,25.0,1,1,1,1714,0,0,0,1,0,19100,18400,17500,23600,14521.25,15723.333333333334,20315.0,22385.0,21860.0
20150728,0.99,3.2,-10.84,-8.37,12846,-45.95,34.62,0.0,14.32,1,1,-1,1669,0,0,0,1,0,18600,20500,18100,20950,14437.083333333334,15616.666666666666,20180.0,22405.0,22210.0
20150727,-3.51,-2.89,-16.12,-16.12,23767,-80.84,44.55,0.0,26.49,1,1,-1,1821,0,0,0,1,0,20300,23350,20300,23500,14353.0,15510.0,20030.0,22380.0,22770.0
20150724,-5.72,7.01,-14.39,-10.7,124067,-7.47,90.56,0.0,138.28,1,1,-1,2171,0,0,0,1,0,24200,25550,23200,29000,14255.75,15375.833333333334,19787.5,22160.0,23150.0
20150723,7.43,29.98,7.43,29.98,134077,1741.46,81.22,0.0,149.44,1,1,1,2431,0,0,0,1,0,27100,22400,22400,27100,14123.916666666666,15179.166666666666,19330.0,21495.0,23320.0
20150722,2.1,2.1,-6.07,-2.57,7281,-47.51,58.58,0.0,8.12,1,1,1,1871,0,0,0,1,0,20850,21850,20100,21850,13967.25,14930.833333333334,18752.5,20620.0,22910.0
20150721,-0.9,12.39,-8.11,-3.6,13872,17.01,54.31,0.0,15.46,1,1,1,1920,0,0,0,1,0,21400,22000,20400,24950,13864.166666666666,14786.666666666666,18535.0,20370.0,22600.0
20150720,0.0,2.0,-17.37,-11.38,11855,-86.32,50.63,0.0,13.21,1,1,1,1992,0,0,0,1,0,22200,25050,20700,25550,13756.166666666666,14615.833333333334,18262.5,20090.0,21990.0
20150717,5.79,29.94,-7.98,0.0,86640,25.72,74.76,0.0,96.56,1,1,1,2248,0,0,0,1,0,25050,26500,23050,32550,13639.833333333334,14441.666666666666,17892.5,19770.0,21170.0
20150716,3.37,29.79,3.11,29.79,68913,1224.23,56.54,0.0,76.81,1,1,1,2248,0,0,0,1,0,25050,19950,19900,25050,13500.416666666666,14224.166666666666,17350.0,18985.0,19670.0
20150715,3.81,5.18,-1.91,5.18,5204,36.62,125.37,0.0,5.8,1,1,1,1732,0,0,0,1,0,19300,19050,18000,19300,13362.0,14025.833333333334,16880.0,18245.0,18330.0
20150714,6.63,10.5,-3.87,1.38,3809,-29.37,68.89,0.0,4.25,1,1,1,1646,0,0,0,1,0,18350,19300,17400,20000,13269.166666666666,13927.5,16682.5,17955.0,18140.0
20150713,4.84,4.84,-13.96,3.13,5393,112.07,93.36,0.0,6.01,1,1,1,1624,0,0,0,1,0,18100,18400,15100,18400,13184.333333333334,13845.833333333334,16497.5,17680.0,18190.0
20150710,1.36,1.63,-5.45,-4.36,2543,-55.45,64.15,0.0,2.83,1,1,1,1575,0,0,0,1,0,17550,18600,17350,18650,13102.333333333334,13762.5,16292.5,17415.0,18370.0
20150709,0.82,3.54,-5.72,0.0,5708,-36.7,83.41,0.0,6.36,1,1,1,1646,0,0,0,1,0,18350,18500,17300,19000,13023.5,13697.5,16107.5,17165.0,18300.0
20150708,2.15,4.84,-10.22,-1.34,9017,-79.69,32.61,0.0,10.05,1,1,1,1646,0,0,0,1,0,18350,19000,16700,19500,12938.5,13617.5,15885.0,16885.0,18160.0
20150707,5.26,30.0,-4.47,-2.11,44396,387.28,26.62,0.0,49.48,1,1,1,1669,0,0,0,1,0,18600,20000,18150,24700,12854.833333333334,13533.333333333334,15662.5,16700.0,17770.0
20150706,7.27,16.28,2.03,10.47,9111,38.65,209.35,0.0,10.15,1,1,-1,1705,0,0,0,1,0,19000,18450,17550,20000,12775.916666666666,13437.5,15405.0,16435.0,17170.0
20150703,3.97,8.78,-5.95,-2.55,6571,-21.98,52.27,0.0,7.32,1,1,1,1543,0,0,0,1,0,17200,18350,16600,19200,12683.75,13340.833333333334,15130.0,16015.0,16460.0
20150702,4.57,21.65,3.66,7.62,8422,4.92,119.91,0.0,9.39,1,1,1,1584,0,0,0,1,0,17650,17150,17000,19950,12607.583333333334,13272.5,14925.0,15715.0,16030.0
20150701,0.32,8.33,-0.64,5.13,8027,47.83,108.53,0.0,8.95,1,1,1,1471,0,0,0,1,0,16400,15650,15500,16900,12527.0,13196.666666666666,14702.5,15515.0,15610.0
20150630,0.32,3.56,-1.62,0.97,5430,-37.24,182.61,0.0,6.05,1,1,1,1400,0,0,0,1,0,15600,15500,15200,16000,12456.75,13141.666666666666,14522.5,15410.0,15630.0
20150629,2.33,10.96,-0.33,2.66,8652,81.54,78.04,0.0,9.64,1,1,1,1386,0,0,0,1,0,15450,15400,15000,16700,12396.166666666666,13088.333333333334,14342.5,15315.0,15700.0
20150626,-0.64,6.75,-5.47,-3.22,4766,-34.29,104.39,0.0,5.31,1,1,1,1350,0,0,0,1,0,15050,15450,14700,16600,12335.916666666666,13055.833333333334,14165.0,15170.0,15570.0
20150625,-3.33,-3.33,-9.09,-5.76,7253,-58.48,80.86,0.0,8.08,1,1,1,1395,0,0,0,1,0,15550,15950,15000,15950,12278.416666666666,13020.833333333334,14015.0,15050.0,15400.0
20150624,7.84,11.91,-0.63,3.45,17467,-53.8,85.81,0.0,19.47,1,1,1,1480,0,0,0,1,0,16500,17200,15850,17850,12214.75,13000.0,13842.5,14885.0,15420.0
20150623,4.39,19.26,-1.01,7.77,37808,110.95,104.86,0.0,42.14,1,1,1,1431,0,0,0,1,0,15950,15450,14650,17650,12143.75,12958.333333333334,13610.0,14625.0,15190.0
20150622,0.0,14.08,-3.52,4.23,17923,-48.41,127.32,0.0,19.98,1,1,1,1328,0,0,0,1,0,14800,14200,13700,16200,12074.583333333334,12922.5,13420.0,14375.0,14930.0
20150619,-2.56,2.88,-12.78,-9.27,34739,-65.78,55.88,0.0,38.72,1,1,-1,1274,0,0,0,1,0,14200,15250,13650,16100,12016.0,12900.0,13272.5,14245.0,14770.0
20150618,6.19,29.97,-12.7,1.95,101524,2209.46,50.57,0.0,113.15,1,1,-1,1404,0,0,0,1,0,15650,16300,13400,19950,11963.916666666666,12883.333333333334,13162.5,14135.0,14700.0
20150617,-4.44,12.63,-4.44,4.78,4396,39.96,68.2,0.0,4.9,1,1,1,1377,0,0,0,1,0,15350,14000,14000,16500,11900.083333333334,12854.166666666666,12982.5,13890.0,14350.0
20150616,8.57,8.57,-0.71,4.64,3141,1664.61,98.61,0.0,3.5,1,1,1,1314,0,0,0,1,0,14650,15200,13900,15200,11839.083333333334,12830.0,12807.5,13635.0,14060.0
20150615,1.08,4.69,-2.17,1.08,178,-17.21,12.74,0.0,0.2,1,1,1,1256,0,0,0,1,0,14000,14000,13550,14500,11785.083333333334,12814.166666666666,12685.0,13370.0,13820.0
20150612,4.32,4.32,-5.04,-0.36,215,-49.17,970.0,0.0,0.24,1,1,1,1243,0,0,0,1,0,13850,14500,13200,14500,11738.416666666666,12824.166666666666,12595.0,13160.0,13720.0
20150611,1.44,1.44,-5.76,0.0,423,-61.72,415.38,0.0,0.47,1,1,1,1247,0,0,0,1,0,13900,14100,13100,14100,11691.333333333334,12845.833333333334,12522.5,12980.0,13570.0
20150610,7.06,7.06,-7.06,3.35,1105,1005.0,50.37,0.0,1.23,1,1,1,1247,0,0,0,1,0,13900,14400,12500,14400,11643.416666666666,12844.166666666666,12447.5,12800.0,13430.0
20150609,-0.74,0.0,-0.74,-0.37,100,-73.89,0.0,0.0,0.11,1,1,1,1207,0,0,0,1,0,13450,13400,13400,13500,11597.25,12841.666666666666,12360.0,12595.0,13210.0
20150608,3.05,6.49,-5.73,3.05,383,102.65,200.79,0.0,0.43,1,1,1,1211,0,0,0,1,0,13500,13500,12350,13950,11553.833333333334,12841.666666666666,12317.5,12465.0,12920.0
20150605,11.36,11.36,-3.79,-0.76,189,759.09,52.5,0.0,0.21,1,1,1,1175,0,0,0,1,0,13100,14700,12700,14700,11510.166666666666,12838.333333333334,12270.0,12300.0,12600.0
20150604,3.91,3.91,3.12,3.12,22,-92.23,0.0,0.0,0.02,1,1,1,1184,0,0,0,1,0,13200,13300,13200,13300,11469.916666666666,12855.0,12220.0,12190.0,12390.0
20150603,0.0,7.5,0.0,6.67,283,444.23,8933.33,0.0,0.32,1,1,1,1148,0,0,0,1,0,12800,12000,12000,12900,11430.333333333334,12875.0,12152.5,12075.0,12170.0
20150602,2.1,2.1,-1.68,0.84,52,-50.48,45.71,0.0,0.06,1,1,1,1077,0,0,0,1,0,12000,12150,11700,12150,11392.666666666666,12902.5,12147.5,11980.0,11980.0
20150601,-2.07,2.07,-2.49,-1.24,105,-83.52,188.24,0.0,0.12,1,1,1,1068,0,0,0,1,0,11900,11800,11750,12300,11361.916666666666,12944.166666666666,12157.5,12000.0,12010.0
20150529,0.83,6.61,-3.72,-0.41,637,3881.25,56.94,0.0,0.71,1,1,1,1081,0,0,0,1,0,12050,12200,11650,12900,11332.416666666666,13008.333333333334,12175.0,12030.0,12000.0
20150528,1.69,2.11,0.0,2.11,16,-94.12,100.0,0.0,0.02,1,1,1,1086,0,0,0,1,0,12100,12050,11850,12100,11311.583333333334,13087.5,12192.5,12065.0,11990.0
20150527,0.0,1.65,-4.12,-2.47,272,-8.42,1509.09,0.0,0.3,1,1,1,1063,0,0,0,1,0,11850,12150,11650,12350,11280.0,13140.833333333334,12197.5,12095.0,11980.0
20150526,0.0,2.53,0.0,2.53,297,748.57,1133.33,0.0,0.33,1,1,1,1090,0,0,0,1,0,12150,11850,11850,12150,11251.75,13232.5,12215.0,12125.0,11980.0
20150522,-2.5,0.0,-2.5,-1.25,35,3400.0,0.0,0.0,0.04,1,1,1,1063,0,0,0,1,0,11850,11700,11700,12000,11220.583333333334,13281.666666666666,12165.0,12170.0,11990.0
20150521,-0.41,-0.41,-0.41,-0.41,1,-91.67,0.0,0.0,0.0,1,1,1,1077,0,0,0,1,0,12000,12000,12000,12000,11191.5,13303.333333333334,12160.0,12240.0,12060.0
20150520,0.84,1.69,0.0,1.69,12,-98.57,900.0,0.0,0.01,1,1,1,1081,0,0,0,1,0,12050,11950,11850,12050,11168.333333333334,13319.166666666666,12160.0,12250.0,12140.0
20150519,-4.1,-0.41,-5.74,-2.87,837,381.03,321.54,0.0,0.93,1,1,1,1063,0,0,0,1,0,11850,11700,11500,12150,11134.75,13340.833333333334,12215.0,12230.0,12210.0
20150518,-2.46,0.0,-3.28,0.0,174,-58.27,9999.99,0.0,0.19,1,1,1,1095,0,0,0,1,0,12200,11900,11800,12200,11105.75,13360.833333333334,12292.5,12315.0,12270.0
20150515,0.0,0.0,-5.65,-1.61,417,4533.33,32.48,0.0,0.46,1,1,1,1095,0,0,0,1,0,12200,12400,11700,12400,11073.5,13368.333333333334,12355.0,12315.0,12350.0
20150514,-3.23,0.0,-3.23,0.0,9,-96.65,0.0,0.0,0.01,1,1,1,1113,0,0,0,1,0,12400,12000,12000,12400,11041.583333333334,13372.5,12400.0,12320.0,12420.0
20150513,0.41,2.47,-2.06,2.06,269,-76.69,68.15,0.0,0.3,1,1,1,1113,0,0,0,1,0,12400,12200,11900,12450,11008.083333333334,13370.0,12462.5,12320.0,12360.0
20150512,-1.98,2.78,-7.14,-3.57,1154,501.04,37.04,0.0,1.29,1,1,1,1090,0,0,0,1,0,12150,12350,11700,12950,10974.25,13370.0,12520.0,12300.0,12250.0
20150511,-0.4,13.15,-1.99,0.4,192,668.0,408.11,0.0,0.21,1,1,1,1130,0,0,0,1,0,12600,12500,12300,14200,10941.333333333334,13375.0,12577.5,12305.0,12360.0
20150508,0.41,4.96,0.0,3.72,25,-85.96,666.67,0.0,0.03,1,1,1,1126,0,0,0,1,0,12550,12150,12100,12700,10902.416666666666,13396.666666666666,12590.0,12160.0,12280.0
20150507,2.95,7.17,-0.42,2.11,178,-16.82,36.97,0.0,0.2,1,1,1,1086,0,0,0,1,0,12100,12200,11800,12700,10866.0,13389.166666666666,12622.5,12080.0,12220.0
20150506,1.18,1.18,-6.69,-6.69,214,328.0,0.0,0.0,0.24,1,1,1,1063,0,0,0,1,0,11850,12850,11850,12850,10832.75,13363.333333333334,12672.5,12070.0,12280.0
20150504,0.41,4.1,0.41,4.1,50,35.14,0.0,0.0,0.06,1,1,1,1139,0,0,0,1,0,12700,12250,12250,12700,10805.166666666666,13319.166666666666,12735.0,12200.0,12350.0
20150430,0.82,0.82,-5.71,-0.41,37,-91.96,191.67,0.0,0.04,1,1,1,1095,0,0,0,1,0,12200,12350,11550,12350,10770.583333333334,13257.5,12755.0,12270.0,12250.0
20150429,0.81,0.81,-4.84,-1.21,460,137.11,50.0,0.0,0.51,1,1,1,1099,0,0,0,1,0,12250,12500,11800,12500,10748.5,13196.0,12765.0,12395.0,12040.0
20150428,6.56,6.56,-4.1,1.64,194,470.59,409.09,0.0,0.22,1,1,1,1113,0,0,0,1,0,12400,13000,11700,13000,10728.916666666666,13135.666666666666,12827.5,12480.0,11940.0
20150427,-3.28,0.0,-4.1,0.0,34,-93.75,144.44,0.0,0.04,1,1,1,1095,0,0,0,1,0,12200,11800,11700,12200,10707.833333333334,13068.666666666666,12855.0,12605.0,11860.0
20150424,2.24,9.42,-1.79,9.42,544,-60.58,242.04,0.0,0.61,1,1,1,1095,0,0,0,1,0,12200,11400,10950,12200,10687.916666666666,13003.666666666666,12960.0,12740.0,12050.0
20150423,2.13,2.13,-6.81,-5.11,1380,-7.82,41.44,0.0,1.54,1,1,1,1000,0,0,0,1,0,11150,12000,10950,12000,10668.416666666666,12941.666666666666,13050.0,12850.0,12290.0
20150422,2.5,3.33,-5.0,-2.08,1497,78.0,25.6,0.0,1.67,1,1,1,1054,0,0,0,1,0,11750,12300,11400,12400,10658.0,12896.5,13182.5,13020.0,12750.0
20150421,-0.76,-0.38,-8.75,-8.75,841,97.88,18.06,0.0,0.94,1,1,1,1077,0,0,0,1,0,12000,13050,12000,13100,10641.916666666666,12838.0,13267.5,13165.0,13020.0
20150420,1.12,1.12,-4.48,-1.87,425,70.0,4.23,0.0,0.47,1,1,1,1180,0,0,0,1,0,13150,13550,12800,13550,10624.0,12776.666666666666,13327.5,13275.0,13350.0
20150417,0.0,2.97,-3.72,-0.37,250,-76.79,329.31,0.0,0.28,1,1,1,1202,0,0,0,1,0,13400,13450,12950,13850,10597.25,12698.166666666666,13365.0,13270.0,13430.0
20150416,1.15,5.34,-2.29,2.67,1077,1.13,93.18,0.0,1.2,1,1,1,1207,0,0,0,1,0,13450,13250,12800,13800,10567.333333333334,12610.833333333334,13390.0,13240.0,13410.0
20150415,1.1,4.03,-5.49,-4.03,1065,41.43,25.24,0.0,1.19,1,1,1,1175,0,0,0,1,0,13100,13800,12900,14200,10536.833333333334,12522.833333333334,13402.5,13135.0,13290.0
20150414,1.48,1.48,-5.17,0.74,753,-3.59,1648.84,0.0,0.84,1,1,1,1225,0,0,0,1,0,13650,13750,12850,13750,10509.333333333334,12442.166666666666,13477.5,13175.0,13310.0
20150413,0.75,4.51,-2.26,1.88,781,-61.58,309.52,0.0,0.87,1,1,1,1216,0,0,0,1,0,13550,13400,13000,13900,10478.916666666666,12349.5,13552.5,13105.0,13200.0
20150410,-0.39,5.84,-4.67,3.5,2033,314.05,179.89,0.0,2.27,1,1,1,1193,0,0,0,1,0,13300,12800,12250,13600,10448.416666666666,12259.5,13565.0,13180.0,13110.0
20150409,0.76,1.14,-6.06,-2.65,491,326.96,6.98,0.0,0.55,1,1,1,1153,0,0,0,1,0,12850,13300,12400,13350,10423.416666666666,12176.333333333334,13587.5,13250.0,13070.0
20150408,-0.38,0.76,-0.76,0.76,115,-61.54,5600.0,0.0,0.13,1,1,1,1184,0,0,0,1,0,13200,13050,13000,13200,10416.333333333334,12114.333333333334,13617.5,13345.0,12980.0
20150407,0.76,0.76,-3.82,0.0,299,-7.43,158.77,0.0,0.33,1,1,1,1175,0,0,0,1,0,13100,13200,12600,13200,10393.416666666666,12026.666666666666,13622.5,13370.0,13040.0
20150406,3.05,3.05,-6.11,0.0,323,-82.92,30.89,0.0,0.36,1,1,1,1175,0,0,0,1,0,13100,13500,12300,13500,10373.416666666666,11942.666666666666,13672.5,13380.0,13010.0
20150403,3.23,8.87,-0.81,5.65,1891,24.9,55.18,0.0,2.11,1,1,1,1175,0,0,0,1,0,13100,12800,12300,13500,10351.75,11857.333333333334,13737.5,13460.0,13250.0
20150402,0.74,0.74,-8.15,-8.15,1514,-23.84,21.35,0.0,1.69,1,1,1,1113,0,0,0,1,0,12400,13600,12400,13600,10332.583333333334,11771.833333333334,13805.0,13540.0,13430.0
20150401,0.0,13.51,-1.16,4.25,1988,26.7,91.82,0.0,2.22,1,1,1,1211,0,0,0,1,0,13500,12950,12800,14700,10316.333333333334,11704.0,13910.0,13670.0,13710.0
20150331,0.7,1.05,-9.44,-9.44,1569,3386.67,10.3,0.0,1.75,1,1,1,1162,0,0,0,1,0,12950,14400,12950,14450,10294.666666666666,11616.0,14022.5,13780.0,13700.0
20150330,0.71,2.14,-3.57,2.14,45,36.36,158.82,0.0,0.05,1,1,1,1283,0,0,0,1,0,14300,14100,13500,14300,10278.0,11536.0,14215.0,14000.0,13750.0
20150327,3.99,3.99,0.0,1.45,33,-93.8,7.14,0.0,0.04,1,1,1,1256,0,0,0,1,0,14000,14350,13800,14350,10250.5,11429.5,14265.0,13950.0,13670.0
20150326,8.55,9.67,-2.6,2.6,532,-49.72,19.54,0.0,0.59,1,1,1,1238,0,0,0,1,0,13800,14600,13100,14750,10227.166666666666,11329.166666666666,14432.5,13925.0,13650.0
20150325,2.27,2.27,-2.65,1.89,1058,-34.29,21.58,0.0,1.18,1,1,1,1207,0,0,0,1,0,13450,13500,12850,13500,10208.833333333334,11226.666666666666,14497.5,13890.0,13630.0
20150324,2.16,2.16,-7.19,-5.04,1610,150.39,16.81,0.0,1.79,1,1,1,1184,0,0,0,1,0,13200,14200,12900,14200,10191.333333333334,11132.0,14482.5,13875.0,13860.0
20150323,2.16,3.96,-5.76,0.0,643,44.49,38.23,0.0,0.72,1,1,1,1247,0,0,0,1,0,13900,14200,13100,14450,10180.916666666666,11044.5,14470.0,13965.0,14250.0
20150320,2.19,3.65,-2.92,1.46,445,-73.13,87.88,0.0,0.5,1,1,1,1247,0,0,0,1,0,13900,14000,13300,14200,10165.5,10946.0,14442.5,14015.0,14230.0
20150319,2.05,2.05,-9.25,-6.16,1656,-88.19,40.19,0.0,1.85,1,1,1,1229,0,0,0,1,0,13700,14900,13250,14900,10149.666666666666,10848.166666666666,14400.0,14070.0,14200.0
20150318,-9.57,-3.63,-14.85,-3.63,14025,-11.74,59.33,0.0,15.63,1,1,1,1310,0,0,0,1,0,14600,13700,12900,14600,10138.833333333334,10756.0,14347.5,14150.0,14150.0
20150317,-0.72,13.41,-3.62,9.78,15891,-7.43,143.17,0.0,17.71,1,1,1,1359,0,0,0,1,0,15150,13700,13300,15650,10118.0,10652.666666666666,14240.0,14265.0,13890.0
20150316,2.55,11.27,-0.73,0.36,17166,1004.63,81.96,0.0,19.13,1,1,1,1238,0,0,0,1,0,13800,14100,13650,15300,10092.583333333334,10536.833333333334,14095.0,14430.0,13680.0
20150313,-0.74,6.32,-0.74,2.23,1554,-39.11,104.34,0.0,1.73,1,1,1,1234,0,0,0,1,0,13750,13350,13350,14300,10082.166666666666,10442.666666666666,14025.0,14580.0,13800.0
20150312,3.01,3.01,-3.01,1.13,2552,-78.71,29.38,0.0,2.84,1,1,1,1207,0,0,0,1,0,13450,13700,12900,13700,10072.583333333334,10352.833333333334,13960.0,14940.0,13940.0
20150311,-1.42,4.61,-8.16,-5.67,11985,138.27,22.39,0.0,13.36,1,1,1,1193,0,0,0,1,0,13300,13900,12950,14750,10065.916666666666,10266.0,13982.5,15105.0,14150.0
20150310,3.82,7.29,-3.82,-2.08,5030,23.53,52.22,0.0,5.61,1,1,1,1265,0,0,0,1,0,14100,14950,13850,15450,10065.916666666666,10182.0,13922.5,15090.0,14640.0
20150309,-1.73,2.77,-4.15,-0.35,4072,0.44,39.82,0.0,4.54,1,1,-1,1292,0,0,0,1,0,14400,14200,13850,14850,10060.5,10084.833333333334,13745.0,14975.0,15180.0
20150306,-1.72,7.24,-4.83,-0.34,4054,-62.2,129.31,0.0,4.52,1,1,1,1296,0,0,0,1,0,14450,14250,13800,15550,10056.333333333334,9985.666666666666,13485.0,14870.0,15360.0
20150305,-2.22,-1.59,-11.11,-7.94,10724,-35.17,47.09,0.0,11.95,1,1,1,1301,0,0,0,1,0,14500,15400,14000,15500,10047.583333333334,9882.833333333334,13212.5,14730.0,15940.0
20150304,3.87,7.14,-8.04,-6.25,16541,-6.12,54.98,0.0,18.44,1,1,-1,1413,0,0,0,1,0,15750,17450,15450,18000,10036.75,9779.666666666666,12913.0,14545.0,16060.0
20150303,2.29,14.38,-8.17,9.8,17620,-78.88,72.52,0.0,19.64,1,1,-1,1507,0,0,0,1,0,16800,15650,14050,17500,10028.833333333334,9656.5,12557.0,14215.0,15540.0
20150302,-12.97,-7.49,-14.99,-11.82,83435,132.14,137.71,0.0,92.99,1,1,-1,1373,0,0,0,1,0,15300,15100,14750,16050,9996.75,9535.666666666666,12136.0,13760.0,14770.0
20150227,7.28,14.9,6.95,14.9,35942,246.23,258.24,0.0,40.06,1,1,1,1557,0,0,0,1,0,17350,16200,16150,17350,9977.166666666666,9419.166666666666,11786.0,13470.0,14380.0
20150226,13.31,14.83,7.98,14.83,10381,311.62,61.67,0.0,11.57,1,1,1,1355,0,0,0,1,0,15100,14900,14200,15100,9944.25,9271.0,11342.5,12980.0,13520.0
20150225,0.0,6.95,-3.47,1.54,2522,72.15,104.7,0.0,2.81,1,1,1,1180,0,0,0,1,0,13150,12950,12500,13850,9931.75,9159.5,11009.5,12860.0,13030.0
20150224,12.36,12.36,-4.49,-3.0,1465,-58.03,146.09,0.0,1.63,1,1,1,1162,0,0,0,1,0,12950,15000,12750,15000,9933.0,9079.666666666666,10764.0,12755.0,12890.0
20150223,-0.77,2.3,-4.98,2.3,3491,70.38,58.42,0.0,3.89,1,1,1,1198,0,0,0,1,0,13350,12950,12400,13350,9935.916666666666,9017.5,10532.5,12515.0,12750.0
20150217,1.98,6.32,0.0,3.16,2049,-65.23,42.46,0.0,2.28,1,1,1,1171,0,0,0,1,0,13050,12900,12650,13450,9942.583333333334,8928.666666666666,10287.0,12100.0,12560.0
20150216,6.43,6.43,-2.41,1.61,5893,-24.56,133.2,0.0,6.57,1,1,1,1135,0,0,0,1,0,12650,13250,12150,13250,9947.583333333334,8850.666666666666,10042.5,11695.0,12440.0
20150213,5.31,8.57,-2.04,1.63,7812,18.74,106.88,0.0,8.71,1,1,-1,1117,0,0,0,1,0,12450,12900,12000,13300,9955.916666666666,8778.666666666666,9818.5,11281.0,12690.0
20150212,-2.42,2.82,-5.24,-1.21,6579,-80.75,31.53,0.0,7.33,1,1,1,1099,0,0,0,1,0,12250,12100,11750,12750,9965.916666666666,8710.666666666666,9609.0,10899.0,12620.0
20150211,0.0,14.86,-7.63,-0.4,34169,14.7,87.77,0.0,38.08,1,1,1,1113,0,0,0,1,0,12400,12450,11500,14300,9977.583333333334,8646.166666666666,9401.0,10512.0,12280.0
20150210,0.0,3.96,-14.03,-10.43,29791,69.66,81.88,0.0,33.2,1,1,1,1117,0,0,0,1,0,12450,13900,11950,14450,9983.0,8578.5,9188.5,10102.0,11640.0
20150209,14.88,14.88,7.85,14.88,17559,1286.97,35.21,0.0,19.57,1,1,1,1247,0,0,0,1,0,13900,13900,13050,13900,9990.5,8507.666666666666,8981.5,9705.0,10950.0
20150206,14.69,14.69,14.69,14.69,1266,-72.35,0.0,0.0,1.41,1,1,1,1086,0,0,0,1,0,12100,12100,12100,12100,9983.0,8408.166666666666,8743.0,9159.0,9872.0
20150205,0.0,14.67,-5.0,14.67,4579,477.43,133.33,0.0,5.1,1,1,1,947,0,0,0,1,0,10550,9200,8740,10550,9992.166666666666,8342.833333333334,8535.0,8773.0,9178.0
20150204,0.22,2.22,-4.11,2.22,793,-88.04,56.89,0.0,0.88,1,1,1,825,0,0,1,0,0,9200,9020,8630,9200,10020.083333333334,8302.166666666666,8410.5,8550.0,8744.0
20150203,4.58,5.76,-2.47,5.76,6628,614.99,108.86,0.0,7.39,1,1,1,807,0,0,1,0,0,9000,8900,8300,9000,10059.666666666666,8291.166666666666,8349.5,8474.0,8564.0
20150202,0.0,4.06,-1.62,-1.39,927,83.2,65.79,0.0,1.03,1,1,1,764,0,0,1,0,0,8510,8630,8490,8980,10106.75,8283.666666666666,8298.0,8390.0,8460.0
20150130,0.24,3.82,-2.15,2.98,506,347.79,25.5,0.0,0.56,1,1,1,774,0,0,1,0,0,8630,8400,8200,8700,10169.166666666666,8301.0,8289.0,8356.0,8446.0
20150129,2.41,2.41,-1.81,0.96,113,-88.25,11.83,0.0,0.13,1,1,1,752,0,0,1,0,0,8380,8500,8150,8500,10213.5,8322.166666666666,8268.5,8319.0,8368.0
20150128,1.53,8.37,-3.18,-2.12,962,465.88,43.81,0.0,1.07,1,1,1,745,0,0,1,0,0,8300,8610,8210,9190,10244.916666666666,8347.0,8257.0,8290.0,8356.0
20150127,4.15,4.15,-2.84,0.47,170,-77.98,35.2,0.0,0.19,1,1,1,761,0,0,1,0,0,8480,8790,8200,8790,10277.0,8372.166666666666,8237.5,8275.0,8384.0
20150126,3.16,3.16,-1.09,2.43,772,106.42,12.15,0.0,0.86,1,1,1,757,0,0,1,0,0,8440,8500,8150,8500,10311.333333333334,8395.166666666666,8212.5,8258.0,8320.0
20150123,-0.24,-0.24,-2.28,-0.96,374,64.76,1.02,0.0,0.42,1,1,1,739,0,0,1,0,0,8240,8300,8130,8300,10345.583333333334,8419.5,8173.0,8327.0,8266.0
20150122,-0.24,-0.24,-3.91,-1.42,227,-89.97,1.37,0.0,0.25,1,1,1,746,0,0,1,0,0,8320,8420,8110,8420,10386.5,8445.833333333334,8149.5,8297.0,8270.0
20150121,0.49,4.17,-0.61,3.43,2263,38.49,121.69,0.0,2.52,1,1,1,757,0,0,1,0,0,8440,8200,8110,8500,10433.416666666666,8471.333333333334,8131.0,8271.0,8224.0
20150120,4.53,4.77,-0.61,-0.12,1634,105.53,12.73,0.0,1.82,1,1,1,732,0,0,1,0,0,8160,8540,8120,8560,10465.583333333334,8496.333333333334,8108.5,8225.0,8166.0
20150119,1.69,3.51,-1.82,-1.09,795,-83.95,126.71,0.0,0.89,1,1,1,733,0,0,1,0,0,8170,8400,8110,8550,10516.333333333334,8523.833333333334,8102.0,8206.0,8196.0
20150116,-0.87,2.84,-5.81,2.1,4953,-37.27,10.17,0.0,5.52,1,1,1,741,0,0,1,0,0,8260,8020,7620,8320,10571.166666666666,8550.833333333334,8102.0,8222.0,8388.0
20150115,3.07,6.75,-1.84,-0.74,7896,-10.52,98.99,0.0,8.8,1,1,1,726,0,0,1,0,0,8090,8400,8000,8700,10628.166666666666,8576.5,8109.0,8218.0,8324.0
20150114,-0.24,0.0,-3.73,-1.93,8824,-63.64,41.92,0.0,9.83,1,1,1,731,0,0,1,0,0,8150,8290,8000,8310,10689.083333333334,8608.333333333334,8114.5,8224.0,8318.0
20150113,0.77,4.05,-9.09,-8.98,24267,33.96,142.74,0.0,27.05,1,1,1,746,0,0,1,0,0,8310,9200,8300,9500,10754.083333333334,8637.333333333334,8114.5,8200.0,8284.0
20150112,1.76,14.99,-0.38,14.99,18115,640.9,305.42,0.0,20.19,1,1,1,819,0,0,1,0,0,9130,8080,7910,9130,10813.166666666666,8670.5,8117.0,8167.0,8216.0
20150109,2.73,2.73,-1.61,-1.49,2445,358.72,173.73,0.0,2.73,1,1,1,712,0,0,1,0,0,7940,8280,7930,8280,10871.25,8718.333333333334,8072.5,8019.0,8056.0
20150108,1.38,3.63,-1.38,1.0,533,707.58,117.14,0.0,0.59,1,1,1,723,0,0,1,0,0,8060,8090,7870,8270,10939.25,8760.166666666666,8088.5,8002.0,8112.0
20150107,1.51,1.51,0.13,0.13,66,-89.32,0.0,0.0,0.07,1,1,1,716,0,0,1,0,0,7980,8090,7980,8090,11012.5,8804.166666666666,8099.0,7991.0,8130.0
20150106,-6.96,-0.36,-6.96,-4.32,618,-55.67,25.51,0.0,0.69,1,1,1,715,0,0,1,0,0,7970,7750,7750,8300,11078.916666666666,8846.166666666666,8122.5,7992.0,8116.0
20150105,1.58,1.58,-4.14,1.34,1394,44.61,166.86,0.0,1.55,1,1,1,747,0,0,1,0,0,8330,8350,7880,8350,11140.0,8893.333333333334,8138.0,7998.0,8118.0
20150102,7.85,7.85,-6.13,0.86,964,123.67,53.24,0.0,1.07,1,1,1,738,0,0,1,0,0,8220,8790,7650,8790,11203.5,8928.666666666666,8137.0,7982.0,7982.0
20141230,3.54,3.54,-0.76,3.03,431,-7.71,25.59,0.0,0.48,1,1,1,731,0,0,1,0,0,8150,8190,7850,8190,11270.833333333334,8973.333333333334,8144.0,8000.0,7892.0
20141229,3.88,3.88,-2.13,-0.88,467,-15.86,27.75,0.0,0.52,1,1,1,710,0,0,1,0,0,7910,8290,7810,8290,11335.833333333334,9020.0,8214.0,8005.0,7852.0
20141226,0.0,12.42,0.0,4.31,555,-80.44,36.3,0.0,0.62,1,1,1,716,0,0,1,0,0,7980,7650,7650,8600,11403.25,9071.5,8234.0,8029.0,7868.0
20141224,0.51,2.32,-1.93,-1.54,2838,24.58,78.93,0.0,3.16,1,1,1,686,0,0,1,0,0,7650,7810,7620,7950,11478.416666666666,9125.166666666666,8258.0,8067.0,7878.0
20141223,-1.89,0.13,-2.89,-2.26,2278,750.0,16.85,0.0,2.54,1,1,1,697,0,0,1,0,0,7770,7800,7720,7960,11552.166666666666,9191.0,8296.0,8126.0,7982.0
20141222,1.25,1.25,-2.75,-0.5,268,-76.76,22.58,0.0,0.3,1,1,1,713,0,0,1,0,0,7950,8090,7770,8090,11632.416666666666,9250.666666666666,8325.5,8175.0,8108.0
20141219,0.87,0.87,-3.36,-0.5,1153,-69.13,111.65,0.0,1.29,1,1,1,717,0,0,1,0,0,7990,8100,7760,8100,11719.5,9317.333333333334,8389.0,8207.0,8158.0
20141218,0.0,3.43,-6.12,-1.71,3735,87.69,22.63,0.0,4.16,1,1,1,720,0,0,1,0,0,8030,8170,7670,8450,11812.5,9385.0,8390.5,8253.0,8190.0
20141217,2.62,2.62,-2.74,-2.74,1990,-64.67,13.16,0.0,2.22,1,1,1,733,0,0,1,0,0,8170,8620,8170,8620,11911.416666666666,9451.166666666666,8407.5,8278.0,8256.0
20141216,-0.61,4.39,-2.44,2.44,5632,1231.44,33.66,0.0,6.28,1,1,1,754,0,0,1,0,0,8400,8150,8000,8560,11999.166666666666,9521.666666666666,8415.5,8292.0,8270.0
20141215,0.0,0.61,-1.35,0.61,423,-66.53,713.73,0.0,0.47,1,1,1,736,0,0,1,0,0,8200,8150,8040,8200,12065.0,9583.333333333334,8414.0,8288.0,8242.0
20141212,1.44,1.44,-4.07,-2.51,1264,-73.63,55.54,0.0,1.41,1,1,1,731,0,0,1,0,0,8150,8480,8020,8480,12138.75,9648.333333333334,8423.0,8423.0,8256.0
20141211,4.13,4.13,-4.13,1.46,4794,358.32,158.94,0.0,5.34,1,1,1,750,0,0,1,0,0,8360,8580,7900,8580,12081.875,9721.666666666666,8432.5,8439.0,8316.0
20141210,-2.42,3.03,-2.54,-0.24,1046,-38.43,13.51,0.0,1.17,1,1,1,739,0,0,1,0,0,8240,8060,8050,8510,12023.25,9792.333333333334,8424.5,8449.0,8300.0
20141209,1.21,3.63,-2.54,-0.12,1699,26.32,89.4,0.0,1.89,1,1,1,741,0,0,1,0,0,8260,8370,8060,8570,11965.625,9865.833333333334,8409.0,8466.0,8314.0
20141208,1.18,1.18,-4.73,-2.13,1345,-23.8,16.16,0.0,1.5,1,1,1,742,0,0,1,0,0,8270,8550,8050,8550,11907.833333333334,9949.833333333334,8405.0,8476.0,8334.0
20141205,0.0,2.05,-2.17,2.05,1765,11.78,9.5,0.0,1.97,1,1,1,758,0,0,1,0,0,8450,8280,8100,8450,11849.958333333334,10036.166666666666,8397.0,8571.0,8590.0
20141204,0.36,2.89,-1.08,-0.36,1579,-76.73,42.92,0.0,1.76,1,1,1,743,0,0,1,0,0,8280,8340,8220,8550,11790.583333333334,10127.0,8401.5,8528.0,8562.0
20141203,0.12,3.59,-3.35,-0.6,6787,-56.41,51.99,0.0,7.56,1,1,1,746,0,0,1,0,0,8310,8370,8080,8660,11732.625,10212.333333333334,8415.0,8537.0,8598.0
20141202,0.0,2.62,-12.46,-12.46,15569,-24.67,81.41,0.0,17.35,1,1,1,750,0,0,1,0,0,8360,9550,8360,9800,11674.416666666666,10293.833333333334,8477.0,8539.0,8618.0
20141201,7.34,14.92,1.44,14.92,20667,1048.8,62.47,0.0,23.03,1,1,1,857,0,0,1,0,0,9550,8920,8430,9550,11615.791666666666,10401.166666666666,8554.0,8540.0,8618.0
20141128,0.24,1.06,-5.44,-1.77,1799,375.93,78.51,0.0,2.01,1,1,1,746,0,0,1,0,0,8310,8480,8000,8550,11547.25,10457.833333333334,8570.0,8423.0,8552.0
20141127,1.07,1.66,-2.14,0.59,378,-87.83,629.41,0.0,0.42,1,1,1,759,0,0,1,0,0,8460,8500,8230,8550,11489.041666666666,10535.166666666666,8645.0,8426.0,8494.0
20141126,0.0,4.07,-0.96,0.6,3105,-83.91,86.02,0.0,3.46,1,1,1,755,0,0,1,0,0,8410,8360,8280,8700,11429.583333333334,10617.5,8715.0,8400.0,8476.0
20141125,1.95,1.95,-11.06,-9.33,19293,-21.77,78.15,0.0,21.5,1,1,1,750,0,0,1,0,0,8360,9400,8200,9400,11370.541666666666,10704.0,8789.5,8352.0,8460.0
20141124,4.99,14.96,-3.37,14.96,24663,2529.32,187.96,0.0,27.49,1,1,1,827,0,0,1,0,0,9220,8420,7750,9220,11311.916666666666,10786.333333333334,8862.5,8334.0,8462.0
20141121,-13.38,-1.08,-13.38,-4.18,938,306.06,378.49,0.0,1.05,1,1,1,720,0,0,1,0,0,8020,7250,7250,8280,11246.125,10854.333333333334,8894.0,8223.0,8294.0
20141120,2.04,3.0,-3.6,0.48,231,220.83,7.51,0.0,0.26,1,1,1,751,0,0,1,0,0,8370,8500,8030,8580,11190.333333333334,10956.5,8990.0,8275.0,8358.0
20141119,0.0,0.0,-2.63,-0.48,72,-72.62,144.44,0.0,0.08,1,1,1,747,0,0,1,0,0,8330,8370,8150,8370,11131.625,11044.5,9062.0,8293.0,8324.0
20141118,0.0,0.12,-3.22,-0.12,263,5160.0,1142.86,0.0,0.29,1,1,1,751,0,0,1,0,0,8370,8380,8110,8390,11073.25,11133.166666666666,9135.0,8415.0,8244.0
20141117,1.68,1.68,-2.04,0.48,5,-96.45,300.0,0.0,0.01,1,1,1,752,0,0,1,0,0,8380,8480,8170,8480,11014.541666666666,11221.166666666666,9206.5,8568.0,8206.0
20141114,2.2,2.2,-1.22,1.71,141,-32.86,24.32,0.0,0.16,1,1,1,748,0,0,1,0,0,8340,8380,8100,8380,10955.75,11309.0,9287.5,8717.0,8152.0
20141113,4.67,4.67,0.0,3.4,210,183.78,26.88,0.0,0.23,1,1,1,736,0,0,1,0,0,8200,8300,7930,8300,10897.291666666666,11387.5,9365.0,8864.0,8192.0
20141112,2.08,2.93,-3.06,-3.06,74,-94.84,29.09,0.0,0.08,1,1,1,711,0,0,1,0,0,7930,8350,7930,8420,10840.0,11473.333333333334,9470.0,9030.0,8262.0
20141111,-3.7,0.86,-3.7,0.86,1433,-71.72,74.42,0.0,1.6,1,1,1,734,0,0,1,0,0,8180,7810,7810,8180,10784.958333333334,11557.833333333334,9673.5,9227.0,8586.0
20141110,-2.22,-0.12,-9.6,-5.04,5067,445.43,14.72,0.0,5.65,1,1,1,728,0,0,1,0,0,8110,8350,7720,8530,10727.833333333334,11641.5,9787.0,9391.0,8930.0
20141107,-1.52,0.58,-1.87,-0.12,929,-96.39,182.01,0.0,1.04,1,1,1,766,0,0,1,0,0,8540,8420,8390,8600,10671.291666666666,11738.0,9916.5,9565.0,9282.0
20141106,14.66,14.66,-11.62,-10.47,25709,8674.4,40.18,0.0,28.65,1,1,1,767,0,0,1,0,0,8550,10950,8440,10950,10611.166666666666,11828.166666666666,10014.5,9705.0,9536.0
20141105,0.0,0.0,-5.86,-3.54,293,423.21,60.14,0.0,0.33,1,1,1,857,0,0,1,0,0,9550,9900,9320,9900,10550.958333333334,11929.833333333334,10127.0,9831.0,9798.0
20141104,2.33,4.86,0.3,0.3,56,-66.06,5400.0,0.0,0.06,1,1,1,888,0,0,1,0,0,9900,10100,9900,10350,10482.416666666666,12037.333333333334,10172.0,9855.0,9868.0
20141103,-1.12,1.12,-1.12,0.61,165,-91.41,32.52,0.0,0.18,1,1,1,886,0,0,1,0,0,9870,9700,9700,9920,10410.958333333334,12104.833333333334,10222.0,9845.0,9852.0
20141031,0.0,0.0,-3.65,-0.51,1920,55.59,16.48,0.0,2.14,1,1,1,880,0,0,1,0,0,9810,9860,9500,9860,10339.75,12142.833333333334,10276.0,9858.0,9848.0
20141030,0.71,0.71,-4.04,-0.4,1234,277.37,45.57,0.0,1.38,1,1,1,885,0,0,1,0,0,9860,9970,9500,9970,10269.041666666666,12181.833333333334,10335.5,9866.0,9874.0
20141029,0.0,1.83,-2.04,0.81,327,-48.99,6320.0,0.0,0.36,1,1,1,888,0,0,1,0,0,9900,9820,9620,10000,10197.916666666666,12227.5,10402.5,9910.0,9864.0
20141028,0.1,0.1,-1.93,-0.3,641,-11.83,17.72,0.0,0.71,1,1,1,881,0,0,1,0,0,9820,9860,9660,9860,10126.458333333334,12271.666666666666,10487.5,10120.0,9842.0
20141027,0.0,0.0,-3.22,-0.91,727,308.43,2.76,0.0,0.81,1,1,1,884,0,0,1,0,0,9850,9940,9620,9940,10055.666666666666,12327.166666666666,10564.0,10183.0,9838.0
20141024,1.33,1.73,-1.63,1.33,178,-94.69,38.94,0.0,0.2,1,1,1,892,0,0,1,0,0,9940,9940,9650,9980,9984.625,12395.5,10669.0,10268.0,9868.0
20141023,2.15,2.15,-0.31,0.2,3351,-27.47,46.12,0.0,3.73,1,1,1,880,0,0,1,0,0,9810,10000,9760,10000,9912.833333333334,12434.833333333334,10774.5,10324.0,9858.0
20141022,-0.2,0.61,-1.53,-0.1,4620,-51.66,44.36,0.0,5.15,1,1,1,878,0,0,1,0,0,9790,9780,9650,9860,9842.125,12508.833333333334,10884.0,10423.0,9956.0
20141021,4.0,6.0,-2.3,-2.0,9557,64.8,54.94,0.0,10.65,1,1,1,879,0,0,1,0,0,9800,10400,9770,10600,9771.583333333334,12591.5,11014.5,10489.0,10398.0
20141020,3.13,3.13,-1.92,1.11,5799,-53.93,43.54,0.0,6.46,1,1,1,897,0,0,0,1,0,10000,10200,9700,10200,9700.958333333334,12679.833333333334,11129.5,10599.0,10528.0
20141017,1.46,2.91,-3.98,-3.98,12587,-80.01,26.05,0.0,14.03,1,1,1,887,0,0,1,0,0,9890,10450,9890,10600,9628.666666666666,12769.833333333334,11234.5,10694.0,10668.0
20141016,1.67,14.17,-14.17,-14.17,62962,107.95,107.88,0.0,70.17,1,1,1,924,0,0,0,1,0,10300,12200,10300,13700,9557.291666666666,12870.833333333334,11367.5,10805.0,10790.0
20141015,0.96,14.83,-0.48,14.83,30278,1334.98,262.25,0.0,33.75,1,1,1,1077,0,0,0,1,0,12000,10550,10400,12000,9482.5,12955.833333333334,11482.5,10895.0,10890.0
20141014,0.0,6.54,-3.27,-2.34,2110,-16.77,173.99,0.0,2.35,1,1,1,938,0,0,0,1,0,10450,10700,10350,11400,9393.541666666666,13024.166666666666,11515.0,10855.0,10580.0
20141013,-2.38,5.71,-4.76,1.9,2535,-64.14,14.2,0.0,2.83,1,1,1,960,0,0,0,1,0,10700,10250,10000,11100,9317.5,13118.333333333334,11657.5,10945.0,10670.0
20141010,0.0,0.93,-4.63,-2.78,7070,50.65,43.7,0.0,7.88,1,1,1,942,0,0,0,1,0,10500,10800,10300,10900,9239.375,13220.833333333334,11795.0,11070.0,10720.0
20141008,1.91,11.0,0.0,3.35,4693,22.25,59.39,0.0,5.23,1,1,1,969,0,0,0,1,0,10800,10650,10450,11600,9162.916666666666,13311.666666666666,11965.0,11225.0,10820.0
20141007,0.0,3.67,-4.59,-4.13,3839,141.14,91.07,0.0,4.28,1,1,1,938,0,0,0,1,0,10450,10900,10400,11300,9083.958333333334,13386.666666666666,12095.0,11345.0,10900.0
20141006,-0.91,1.83,-4.11,-0.46,1592,-78.53,16.73,0.0,1.77,1,1,1,978,0,0,0,1,0,10900,10850,10500,11150,9007.916666666666,13478.333333333334,12232.5,11540.0,11130.0
20141002,-0.45,2.27,-5.45,-0.45,7416,-8.87,15.29,0.0,8.27,1,1,1,982,0,0,0,1,0,10950,10950,10400,11250,8928.125,13568.333333333334,12427.5,11660.0,11220.0
20141001,2.23,10.71,-4.46,-1.79,8138,620.18,61.05,0.0,9.07,1,1,1,987,0,0,0,1,0,11000,11450,10700,12400,8847.916666666666,13651.666666666666,12527.5,11775.0,11420.0
20140930,0.0,1.29,-5.17,-3.45,1130,-75.24,51.95,0.0,1.26,1,1,1,1005,0,0,0,1,0,11200,11600,11000,11750,8767.291666666666,13735.0,12625.0,11930.0,11630.0
20140929,0.0,3.96,-0.88,2.2,4564,-2.1,30.78,0.0,5.09,1,1,1,1041,0,0,0,1,0,11600,11350,11250,11800,8685.0,13831.666666666666,12735.0,12070.0,11790.0
20140926,-2.93,4.6,-5.86,-5.02,4662,94.49,46.0,0.0,5.2,1,1,1,1018,0,0,0,1,0,11350,11600,11250,12500,8599.375,13913.333333333334,12835.0,12175.0,11950.0
20140925,1.24,1.24,-2.49,-0.83,2397,-4.16,41.2,0.0,2.67,1,1,1,1072,0,0,0,1,0,11950,12200,11750,12200,8515.833333333334,14014.166666666666,12932.5,12370.0,12100.0
20140924,0.42,0.83,-3.75,0.42,2501,-66.87,15.36,0.0,2.79,1,1,1,1081,0,0,0,1,0,12050,12050,11550,12100,8427.291666666666,14121.666666666666,13000.0,12520.0,12130.0
20140923,-0.4,0.81,-3.23,-3.23,7550,-58.43,16.52,0.0,8.41,1,1,1,1077,0,0,0,1,0,12000,12350,12000,12500,8337.916666666666,14240.0,13105.0,12705.0,12230.0
20140922,0.41,9.5,-1.65,2.48,18161,500.17,82.73,0.0,20.24,1,1,1,1113,0,0,0,1,0,12400,12150,11900,13250,8248.958333333334,14371.666666666666,13187.5,12845.0,12350.0
20140919,4.13,5.79,-0.41,0.0,3026,-17.75,55.66,0.0,3.37,1,1,1,1086,0,0,0,1,0,12100,12600,12050,12800,8156.666666666667,14476.666666666666,13250.0,12925.0,12400.0
20140918,0.4,1.2,-3.59,-3.59,3679,7.86,18.88,0.0,4.1,1,1,1,1086,0,0,0,1,0,12100,12600,12100,12700,8066.875,14546.666666666666,13327.5,13195.0,12640.0
20140917,1.19,1.19,-3.17,-0.4,3411,-55.79,44.94,0.0,3.8,1,1,1,1126,0,0,0,1,0,12550,12750,12200,12750,7977.083333333333,14629.166666666666,13405.0,13280.0,12910.0
20140916,-1.19,1.98,-5.14,-0.4,7716,-19.95,42.48,0.0,8.6,1,1,1,1130,0,0,0,1,0,12600,12500,12000,12900,7883.541666666667,14442.083333333334,13430.0,13320.0,13180.0
20140915,0.0,0.0,-5.64,-4.89,9639,877.59,75.26,0.0,10.74,1,1,1,1135,0,0,0,1,0,12650,13300,12550,13300,7789.583333333333,14254.166666666666,13467.5,13400.0,13340.0
20140912,-1.12,1.86,-2.97,-1.12,986,-15.65,38.69,0.0,1.1,1,1,1,1193,0,0,0,1,0,13300,13300,13050,13700,7695.208333333333,14065.416666666666,13485.0,13495.0,13450.0
20140911,2.52,2.52,-5.04,-3.24,1169,-66.15,38.01,0.0,1.3,1,1,1,1207,0,0,0,1,0,13450,14250,13200,14250,7595.416666666667,13865.833333333334,13480.0,13495.0,13750.0
20140905,-1.49,10.07,-2.24,3.73,3453,49.42,73.87,0.0,3.85,1,1,1,1247,0,0,0,1,0,13900,13200,13100,14750,7494.375,13663.75,13502.5,13480.0,13650.0
20140904,0.38,2.65,-0.38,1.52,2311,-73.21,40.56,0.0,2.58,1,1,1,1202,0,0,0,1,0,13400,13250,13150,13550,7389.583333333333,13454.166666666666,13505.0,13505.0,13460.0
20140903,4.73,4.73,-12.16,-10.81,8625,-36.18,14.37,0.0,9.61,1,1,1,1184,0,0,0,1,0,13200,15500,13000,15500,7288.958333333333,13252.916666666666,13567.5,13530.0,13460.0
20140902,-2.32,14.67,-3.09,14.29,13515,406.75,161.35,0.0,15.06,1,1,1,1328,0,0,0,1,0,14800,12650,12550,14850,7190.0,13055.0,13707.5,13575.0,13540.0
20140901,7.72,7.72,-3.47,0.0,2667,29.72,30.31,0.0,2.97,1,1,1,1162,0,0,0,1,0,12950,13950,12500,13950,7077.708333333333,12830.416666666666,13665.0,13460.0,13240.0
20140829,2.24,2.24,-5.22,-3.36,2056,-40.72,26.05,0.0,2.29,1,1,1,1162,0,0,0,1,0,12950,13700,12700,13700,6980.833333333333,12636.666666666666,13625.0,13530.0,13310.0
20140828,2.57,2.57,-5.88,-1.47,3468,16.03,62.36,0.0,3.87,1,1,1,1202,0,0,0,1,0,13400,13950,12800,13950,6883.958333333333,12442.916666666666,13585.0,13540.0,13550.0
20140827,-1.88,2.63,-2.26,2.26,2989,26.87,140.85,0.0,3.33,1,1,1,1220,0,0,0,1,0,13600,13050,13000,13650,6783.333333333333,12241.666666666666,13545.0,13535.0,13600.0
20140826,-2.26,4.51,-2.63,0.0,2356,-54.23,45.48,0.0,2.63,1,1,1,1193,0,0,0,1,0,13300,13000,12950,13900,6681.041666666667,12037.083333333334,13492.5,13475.0,13610.0
20140825,2.12,2.12,-8.13,-6.01,5147,-58.67,29.68,0.0,5.74,1,1,1,1193,0,0,0,1,0,13300,14450,13000,14450,6581.25,11837.5,13485.0,13465.0,13680.0
20140822,4.4,13.19,-1.1,3.66,12454,0.0,75.31,0.0,13.88,1,1,1,1270,0,0,0,1,0,14150,14250,13500,15450,6481.458333333333,11637.916666666666,13517.5,13525.0,13750.0
20140821,0.0,0.0,0.0,0.0,0,-100.0,0.0,0.0,0.0,1,1,1,1225,0,0,0,1,0,13650,13650,13650,13650,6374.583333333333,11424.166666666666,13425.0,13505.0,13530.0
20140820,4.76,4.76,-1.83,0.0,2921,-80.56,12.92,0.0,3.26,1,1,1,1225,0,0,0,1,0,13650,14300,13400,14300,6271.875,11218.75,13455.0,13605.0,13470.0
20140819,4.4,11.72,-1.1,0.0,15022,47.9,54.62,0.0,16.74,1,1,1,1225,0,0,0,1,0,13650,14250,13500,15250,6169.166666666667,11013.333333333334,13510.0,13840.0,13340.0
20140818,0.38,14.94,-1.15,4.6,10157,354.25,115.44,0.0,11.32,1,1,1,1225,0,0,0,1,0,13650,13100,12900,15000,6066.458333333333,10807.916666666666,13582.5,13870.0,13250.0
20140814,1.12,1.5,-5.62,-2.25,2236,63.21,122.95,0.0,2.49,1,1,1,1171,0,0,0,1,0,13050,13500,12600,13550,5963.75,10602.5,13670.0,13720.0,13300.0
20140813,2.69,5.38,-0.77,2.69,1370,-15.07,39.02,0.0,1.53,1,1,1,1198,0,0,0,1,0,13350,13350,12900,13700,5866.041666666667,10407.083333333334,13815.0,13630.0,13480.0
20140812,3.79,3.79,-3.03,-1.52,1613,-12.1,37.14,0.0,1.8,1,1,1,1166,0,0,0,1,0,13000,13700,12800,13700,5765.833333333333,10206.666666666666,13917.5,13555.0,13740.0
20140811,-0.72,1.08,-5.4,-5.04,1835,-60.25,23.31,0.0,2.05,1,1,1,1184,0,0,0,1,0,13200,13800,13150,14050,5668.541666666667,10012.083333333334,14072.5,13510.0,14340.0
20140808,0.0,0.0,-7.53,-0.36,4616,-34.02,86.36,0.0,5.14,1,1,1,1247,0,0,0,1,0,13900,13950,12900,13950,5569.583333333333,9814.166666666666,14217.5,13505.0,14490.0
20140807,-3.07,0.34,-9.22,-4.78,6996,-88.69,117.79,0.0,7.8,1,1,1,1252,0,0,0,1,0,13950,14200,13300,14700,5464.791666666667,9604.583333333334,14365.0,13510.0,14140.0
20140806,-7.19,0.62,-15.0,-8.44,61860,50.57,106.26,0.0,68.95,1,1,1,1314,0,0,0,1,0,14650,14850,13600,16100,5359.583333333333,9394.166666666666,14465.0,13345.0,13780.0
20140805,4.66,14.7,4.3,14.7,41083,50.21,372.4,0.0,45.79,1,1,-1,1436,0,0,0,1,0,16000,14600,14550,16000,5248.541666666667,9172.083333333334,14497.5,13305.0,13370.0
20140804,2.88,14.81,-1.23,14.81,27351,1877.66,380.47,0.0,30.48,1,1,1,1252,0,0,0,1,0,13950,12500,12000,13950,5126.25,8927.5,14495.0,13180.0,12680.0
20140801,-1.23,2.88,-1.65,0.0,1383,28.77,38.96,0.0,1.54,1,1,1,1090,0,0,0,1,0,12150,12000,11950,12500,5021.041666666667,8717.083333333334,14612.5,13295.0,12520.0
20140731,0.0,2.38,-4.76,-3.57,1074,-80.52,74.54,0.0,1.2,1,1,1,1090,0,0,0,1,0,12150,12600,12000,12900,4930.833333333333,8536.666666666666,14802.5,13620.0,12880.0
20140730,3.19,5.18,-4.38,0.4,5513,25.12,200.33,0.0,6.14,1,1,1,1130,0,0,0,1,0,12600,12950,12000,13200,4840.625,8356.25,14995.0,14000.0,12910.0
20140729,1.9,1.9,-7.6,-4.56,4406,-48.6,21.18,0.0,4.91,1,1,1,1126,0,0,0,1,0,12550,13400,12150,13400,4746.666666666667,8168.333333333333,15215.0,14280.0,13240.0
20140728,-5.38,-1.43,-8.24,-5.73,8572,-68.38,48.74,0.0,9.55,1,1,1,1180,0,0,0,1,0,13150,13200,12800,13750,4653.125,7981.25,15412.5,14635.0,13680.0
20140725,4.88,14.63,3.66,13.41,27109,259.06,79.4,0.0,30.21,1,1,1,1252,0,0,0,1,0,13950,12900,12750,14100,4554.583333333333,7784.166666666667,15625.0,14930.0,14070.0
20140724,-2.46,-2.11,-14.74,-13.68,7550,756.01,20.99,0.0,8.41,1,1,1,1104,0,0,0,1,0,12300,13900,12150,13950,4449.375,7573.75,15847.5,15220.0,14360.0
20140723,0.0,2.03,-3.39,-3.39,882,2.68,32.38,0.0,0.98,1,1,1,1279,0,0,0,1,0,14250,14750,14250,15050,4357.916666666667,7390.833333333333,16190.0,15585.0,15090.0
20140722,0.0,0.66,-5.63,-2.32,859,-54.77,22.01,0.0,0.96,1,1,1,1323,0,0,0,1,0,14750,15100,14250,15200,4250.041666666667,7175.416666666667,16472.5,15690.0,15320.0
20140721,-0.97,1.62,-3.25,-1.95,1899,-34.02,23.78,0.0,2.12,1,1,1,1355,0,0,0,1,0,15100,15250,14900,15650,4139.875,6951.666666666667,16670.0,15810.0,15590.0
20140718,-1.57,0.31,-5.33,-3.45,2878,-53.0,21.34,0.0,3.21,1,1,1,1382,0,0,0,1,0,15400,15700,15100,16000,4027.2916666666665,6722.083333333333,16730.0,15930.0,15790.0
20140717,0.0,7.14,-1.95,3.57,6124,455.72,80.61,0.0,6.83,1,1,1,1431,0,0,0,1,0,15950,15400,15100,16500,3912.4583333333335,6487.5,16812.5,15985.0,16080.0
20140716,-3.42,0.62,-5.59,-4.35,1102,-81.14,10.96,0.0,1.23,1,1,1,1382,0,0,0,1,0,15400,15550,15200,16200,3794.5416666666665,6243.75,16081.25,15990.0,16080.0
20140715,0.0,2.17,-4.97,0.0,5844,-34.9,32.24,0.0,6.51,1,1,1,1445,0,0,0,1,0,16100,16100,15300,16450,3681.4583333333335,6009.166666666667,15377.5,16150.0,16060.0
20140714,4.15,4.15,-5.93,-4.45,8977,-31.33,17.82,0.0,10.01,1,1,1,1445,0,0,0,1,0,16100,17550,15850,17550,3563.9583333333335,5762.916666666667,14638.75,16190.0,16030.0
20140711,-0.94,7.84,-4.08,5.64,13072,19.4,145.01,0.0,14.57,1,1,1,1512,0,0,0,1,0,16850,15800,15300,17200,3444.2916666666665,5516.666666666667,13900.0,16320.0,16070.0
20140710,2.29,9.48,-0.98,4.25,10948,8.33,166.79,0.0,12.2,1,1,1,1431,0,0,0,1,0,15950,15650,15150,16750,3316.5,5257.916666666667,13123.75,16475.0,15890.0
20140709,-0.31,5.02,-5.02,-4.08,10106,47.43,44.47,0.0,11.26,1,1,1,1373,0,0,0,1,0,15300,15900,15150,16750,3194.5833333333335,5014.166666666667,12392.5,16795.0,15900.0
20140708,0.31,3.07,-7.67,-2.15,6855,-45.32,26.33,0.0,7.64,1,1,-1,1431,0,0,0,1,0,15950,16350,15050,16800,3076.6666666666665,4781.25,11693.75,17255.0,16240.0
20140707,0.0,9.09,0.0,2.19,12536,378.47,255.76,0.0,13.97,1,1,1,1462,0,0,0,1,0,16300,15950,15950,17400,2953.1666666666665,4537.5,10962.5,17530.0,16350.0
20140704,4.06,4.06,-2.5,-0.31,2620,-76.66,64.62,0.0,2.92,1,1,-1,1431,0,0,0,1,0,15950,16650,15600,16650,2827.25,4287.916666666667,10213.75,17530.0,16570.0
20140703,0.29,0.29,-6.18,-5.88,11225,-81.94,25.92,0.0,12.51,1,1,-1,1436,0,0,0,1,0,16000,17050,15950,17050,2703.75,4044.1666666666665,9482.5,17640.0,17060.0
20140702,1.82,14.85,0.0,3.03,62170,481.63,114.03,0.0,69.29,1,1,1,1525,0,0,0,1,0,17000,16800,16500,18950,2580.5416666666665,3799.5833333333335,8748.75,16172.5,17690.0
20140701,1.44,5.75,-8.91,-5.17,10689,97.76,60.08,0.0,11.91,1,1,1,1480,0,0,0,1,0,16500,17650,15850,18400,2449.0416666666665,3538.3333333333335,7965.0,14605.0,18270.0
20140630,0.0,0.0,-6.79,-5.43,5405,-6.34,69.65,0.0,6.02,1,1,1,1561,0,0,0,1,0,17400,18400,17150,18400,2321.8333333333335,3285.4166666666665,7206.25,13087.5,18710.0
20140627,0.0,1.83,-6.27,-3.92,5771,-53.85,54.08,0.0,6.43,1,1,1,1651,0,0,0,1,0,18400,19150,17950,19500,2187.125,3017.5,6402.5,11480.0,18490.0
20140626,0.0,4.77,-9.05,-3.77,12504,-66.4,48.44,0.0,13.94,1,1,1,1718,0,0,0,1,0,19150,19900,18100,20850,2044.4166666666667,2732.9166666666665,5548.75,9772.5,18220.0
20140625,9.36,14.97,-6.95,6.42,37209,303.09,86.04,0.0,41.47,1,1,1,1785,0,0,0,1,0,19900,20450,17400,21500,1895.2916666666667,2435.8333333333335,4657.5,7990.0,14655.0
20140624,-3.68,14.72,-7.67,14.72,9231,-22.39,226.15,0.0,10.29,1,1,1,1678,0,0,0,1,0,18700,15700,15050,18700,1740.25,2126.25,3728.75,6132.5,10940.0
20140623,1.76,8.21,-10.26,-4.4,11894,-74.43,63.06,0.0,13.26,1,-1,1,1462,0,0,0,1,0,16300,17350,15300,18450,1595.125,1836.6666666666667,2860.0,4395.0,7465.0
20140620,0.0,10.05,-14.82,-14.32,46510,0.0,62.4,0.0,51.84,1,-1,1,1530,0,0,0,1,0,17050,19900,16950,21900,1470.0833333333333,1587.0833333333333,2111.25,2897.5,4470.0
20140619,0.0,0.0,0.0,0.0,0,0.0,0.0,0.0,0.0,1,1,1,1234,0,1,0,0,0,1325,1325,1325,1325,1338.5833333333333,1325.0,1325.0,1325.0,1325.0
20140618,0.0,0.0,0.0,0.0,0,0.0,0.0,0.0,0.0,1,1,1,1234,0,1,0,0,0,1325,1325,1325,1325,1337.625,1325.0,1325.0,1325.0,1325.0
20140617,0.0,0.0,0.0,0.0,0,0.0,0.0,0.0,0.0,1,1,1,1234,0,1,0,0,0,1325,1325,1325,1325,1336.8333333333333,1325.0,1325.0,1325.0,1325.0
20140616,0.0,0.0,0.0,0.0,0,0.0,0.0,0.0,0.0,1,1,1,1234,0,1,0,0,0,1325,1325,1325,1325,1336.25,1325.0,1325.0,1325.0,1325.0
20140613,0.0,0.0,0.0,0.0,0,0.0,0.0,0.0,0.0,1,1,1,1234,0,1,0,0,0,1325,1325,1325,1325,1335.625,1325.0,1325.0,1325.0,1325.0
20140612,0.0,0.0,0.0,0.0,0,0.0,0.0,0.0,0.0,1,1,1,1234,0,1,0,0,0,1325,1325,1325,1325,1334.75,1325.0,1325.0,1325.0,1325.0
20140611,0.0,0.0,0.0,0.0,0,0.0,0.0,0.0,0.0,1,1,1,1234,0,1,0,0,0,1325,1325,1325,1325,1334.5416666666667,1325.0,1325.0,1325.0,1325.0
20140610,0.0,0.0,0.0,0.0,0,0.0,0.0,0.0,0.0,1,1,1,1234,0,1,0,0,0,1325,1325,1325,1325,1334.375,1325.0,1325.0,1325.0,1325.0
20140609,0.0,0.0,0.0,0.0,0,0.0,0.0,0.0,0.0,1,1,1,1234,0,1,0,0,0,1325,1325,1325,1325,1334.5833333333333,1325.0,1325.0,1325.0,1325.0
20140605,0.0,0.0,0.0,0.0,0,0.0,0.0,0.0,0.0,1,1,1,1234,0,1,0,0,0,1325,1325,1325,1325,1335.4166666666667,1325.0,1325.0,1325.0,1325.0
20140603,0.0,0.0,0.0,0.0,0,0.0,0.0,0.0,0.0,1,1,1,1234,0,1,0,0,0,1325,1325,1325,1325,1336.375,1325.0,1325.0,1325.0,1325.0
20140602,0.0,0.0,0.0,0.0,0,0.0,0.0,0.0,0.0,1,1,1,1234,0,1,0,0,0,1325,1325,1325,1325,1337.1666666666667,1325.0,1325.0,1325.0,1325.0
20140530,0.0,0.0,0.0,0.0,0,0.0,0.0,0.0,0.0,1,1,1,1234,0,1,0,0,0,1325,1325,1325,1325,1338.25,1325.0,1325.0,1325.0,1325.0
20140529,0.0,0.0,0.0,0.0,0,0.0,0.0,0.0,0.0,1,1,1,1234,0,1,0,0,0,1325,1325,1325,1325,1339.625,1325.0,1325.0,1325.0,1325.0
20140528,0.0,0.0,0.0,0.0,0,0.0,0.0,0.0,0.0,1,1,1,1234,0,1,0,0,0,1325,1325,1325,1325,1340.5,1325.0,1325.0,1325.0,1325.0
20140527,0.0,0.0,0.0,0.0,0,0.0,0.0,0.0,0.0,1,1,1,1234,0,1,0,0,0,1325,1325,1325,1325,1342.2083333333333,1325.0,1325.0,1325.0,1325.0
20140526,0.0,0.0,0.0,0.0,0,0.0,0.0,0.0,0.0,1,1,1,1234,0,1,0,0,0,1325,1325,1325,1325,1342.9583333333333,1325.0,1325.0,1325.0,1325.0
20140523,0.0,0.0,0.0,0.0,0,0.0,0.0,0.0,0.0,1,1,1,1234,0,1,0,0,0,1325,1325,1325,1325,1343.7083333333333,1325.0,1325.0,1325.0,1325.0
20140522,0.0,0.0,0.0,0.0,0,0.0,0.0,0.0,0.0,1,1,1,1234,0,1,0,0,0,1325,1325,1325,1325,1344.4583333333333,1325.0,1325.0,1325.0,1325.0
20140521,0.0,0.0,0.0,0.0,0,0.0,0.0,0.0,0.0,1,1,1,1234,0,1,0,0,0,1325,1325,1325,1325,1344.625,1325.0,1325.0,1325.0,1325.0
20140520,0.0,0.0,0.0,0.0,0,0.0,0.0,0.0,0.0,1,1,1,1234,0,1,0,0,0,1325,1325,1325,1325,1344.5,1325.0,1325.0,1325.0,1325.0
20140519,0.0,0.0,0.0,0.0,0,0.0,0.0,0.0,0.0,1,1,1,1234,0,1,0,0,0,1325,1325,1325,1325,1345.2916666666667,1325.0,1325.0,1325.0,1325.0
20140516,0.0,0.0,0.0,0.0,0,0.0,0.0,0.0,0.0,1,1,1,1234,0,1,0,0,0,1325,1325,1325,1325,1345.4166666666667,1325.0,1325.0,1325.0,1325.0
20140515,0.0,0.0,0.0,0.0,0,0.0,0.0,0.0,0.0,1,1,1,1234,0,1,0,0,0,1325,1325,1325,1325,1345.625,1325.0,1325.0,1325.0,1325.0
20140514,0.0,0.0,0.0,0.0,0,0.0,0.0,0.0,0.0,1,1,1,1234,0,1,0,0,0,1325,1325,1325,1325,1345.8333333333333,1325.0,1325.0,1325.0,1325.0
20140513,0.0,0.0,0.0,0.0,0,0.0,0.0,0.0,0.0,1,1,1,1234,0,1,0,0,0,1325,1325,1325,1325,1346.0833333333333,1325.0,1325.0,1325.0,1325.0
20140512,0.0,0.0,0.0,0.0,0,0.0,0.0,0.0,0.0,1,1,1,1234,0,1,0,0,0,1325,1325,1325,1325,1347.5416666666667,1325.0,1325.0,1325.0,1325.0
20140509,0.0,0.0,0.0,0.0,0,0.0,0.0,0.0,0.0,1,1,1,1234,0,1,0,0,0,1325,1325,1325,1325,1349.125,1325.0,1325.0,1325.0,1325.0
20140508,0.0,0.0,0.0,0.0,0,0.0,0.0,0.0,0.0,1,1,1,1234,0,1,0,0,0,1325,1325,1325,1325,1349.0833333333333,1325.0,1325.0,1325.0,1325.0
20140507,0.0,0.0,0.0,0.0,0,0.0,0.0,0.0,0.0,1,1,1,1234,0,1,0,0,0,1325,1325,1325,1325,1348.5833333333333,1325.0,1325.0,1325.0,1325.0
20140502,0.0,0.0,0.0,0.0,0,0.0,0.0,0.0,0.0,1,1,1,1234,0,1,0,0,0,1325,1325,1325,1325,1348.5,1325.0,1325.0,1325.0,1325.0
20140430,0.0,0.0,0.0,0.0,0,0.0,0.0,0.0,0.0,1,1,1,1234,0,1,0,0,0,1325,1325,1325,1325,1348.5416666666667,1325.0,1325.0,1325.0,1325.0
20140429,0.0,0.0,0.0,0.0,0,0.0,0.0,0.0,0.0,1,1,1,1234,0,1,0,0,0,1325,1325,1325,1325,1349.5,1325.0,1325.0,1325.0,1325.0
20140428,0.0,0.0,0.0,0.0,0,0.0,0.0,0.0,0.0,1,1,1,1234,0,1,0,0,0,1325,1325,1325,1325,1350.375,1325.0,1325.0,1325.0,1325.0
20140425,0.0,0.0,0.0,0.0,0,0.0,0.0,0.0,0.0,1,1,1,1234,0,1,0,0,0,1325,1325,1325,1325,1351.0416666666667,1325.0,1325.0,1325.0,1325.0
20140424,0.0,0.0,0.0,0.0,0,0.0,0.0,0.0,0.0,1,1,1,1234,0,1,0,0,0,1325,1325,1325,1325,1352.375,1325.0,1325.0,1325.0,1325.0
20140423,0.0,0.0,0.0,0.0,0,0.0,0.0,0.0,0.0,1,1,1,1234,0,1,0,0,0,1325,1325,1325,1325,1354.4166666666667,1325.0,1325.0,1325.0,1325.0
20140422,0.0,0.0,0.0,0.0,0,0.0,0.0,0.0,0.0,1,1,1,1234,0,1,0,0,0,1325,1325,1325,1325,1357.0416666666667,1324.6666666666667,1325.0,1325.0,1325.0
20140421,0.0,0.0,0.0,0.0,0,0.0,0.0,0.0,0.0,1,1,1,1234,0,1,0,0,0,1325,1325,1325,1325,1360.625,1328.0833333333333,1325.0,1325.0,1325.0
20140418,0.0,0.0,0.0,0.0,0,0.0,0.0,0.0,0.0,1,1,1,1234,0,1,0,0,0,1325,1325,1325,1325,1362.3333333333333,1332.5,1325.0,1325.0,1325.0
20140417,0.0,0.0,0.0,0.0,0,0.0,0.0,0.0,0.0,1,1,1,1234,0,1,0,0,0,1325,1325,1325,1325,1366.2916666666667,1337.4166666666667,1325.0,1325.0,1325.0
20140416,0.0,0.0,0.0,0.0,0,0.0,0.0,0.0,0.0,1,1,1,1234,0,1,0,0,0,1325,1325,1325,1325,1370.8333333333333,1345.3333333333333,1325.0,1325.0,1325.0
20140415,0.0,0.0,0.0,0.0,0,0.0,0.0,0.0,0.0,1,1,1,1234,0,1,0,0,0,1325,1325,1325,1325,1374.75,1353.75,1325.0,1325.0,1325.0
20140414,0.0,0.0,0.0,0.0,0,0.0,0.0,0.0,0.0,1,1,1,1234,0,1,0,0,0,1325,1325,1325,1325,1376.75,1365.0,1325.0,1325.0,1325.0
20140411,0.0,0.0,0.0,0.0,0,0.0,0.0,0.0,0.0,1,1,1,1234,0,1,0,0,0,1325,1325,1325,1325,1377.0833333333333,1371.9166666666667,1325.0,1325.0,1325.0
20140410,0.0,0.0,0.0,0.0,0,0.0,0.0,0.0,0.0,1,1,1,1234,0,1,0,0,0,1325,1325,1325,1325,1375.9583333333333,1375.0833333333333,1325.0,1325.0,1325.0
20140409,0.0,0.0,0.0,0.0,0,0.0,0.0,0.0,0.0,1,1,1,1234,0,1,0,0,0,1325,1325,1325,1325,1376.5416666666667,1375.0,1325.0,1325.0,1325.0
20140408,0.0,0.0,0.0,0.0,0,0.0,0.0,0.0,0.0,1,1,1,1234,0,1,0,0,0,1325,1325,1325,1325,1377.125,1372.0833333333333,1325.0,1325.0,1325.0
20140407,0.0,0.0,0.0,0.0,0,0.0,0.0,0.0,0.0,1,1,1,1234,0,1,0,0,0,1325,1325,1325,1325,1377.7083333333333,1368.8333333333333,1325.0,1325.0,1325.0
20140404,0.0,0.0,0.0,0.0,0,0.0,0.0,0.0,0.0,1,1,1,1234,0,1,0,0,0,1325,1325,1325,1325,1378.2916666666667,1366.5833333333333,1325.0,1325.0,1325.0
20140403,0.0,0.0,0.0,0.0,0,0.0,0.0,0.0,0.0,1,1,1,1234,0,1,0,0,0,1325,1325,1325,1325,1378.875,1363.3333333333333,1325.0,1325.0,1325.0
20140402,0.0,0.0,0.0,0.0,0,0.0,0.0,0.0,0.0,1,1,1,1234,0,1,0,0,0,1325,1325,1325,1325,1379.4583333333333,1361.5,1325.0,1325.0,1325.0
20140401,0.0,0.0,0.0,0.0,0,0.0,0.0,0.0,0.0,1,1,1,1234,0,1,0,0,0,1325,1325,1325,1325,1380.0416666666667,1359.75,1325.0,1325.0,1325.0
20140331,0.0,0.0,0.0,0.0,0,0.0,0.0,0.0,0.0,1,1,1,1234,0,1,0,0,0,1325,1325,1325,1325,1380.625,1358.25,1325.0,1325.0,1325.0
20140328,0.0,0.0,0.0,0.0,0,0.0,0.0,0.0,0.0,1,1,1,1234,0,1,0,0,0,1325,1325,1325,1325,1381.2083333333333,1356.75,1325.0,1325.0,1325.0
20140327,0.0,0.0,0.0,0.0,0,0.0,0.0,0.0,0.0,1,1,1,1234,0,1,0,0,0,1325,1325,1325,1325,1381.7916666666667,1355.9166666666667,1325.0,1325.0,1325.0
20140326,0.0,0.0,0.0,0.0,0,0.0,0.0,0.0,0.0,1,1,1,1234,0,1,0,0,0,1325,1325,1325,1325,1382.375,1354.75,1325.0,1325.0,1325.0
20140325,0.0,0.0,0.0,0.0,0,0.0,0.0,0.0,0.0,1,1,1,1234,0,1,0,0,0,1325,1325,1325,1325,1382.9583333333333,1354.25,1325.0,1325.0,1325.0
20140324,0.0,0.0,0.0,0.0,0,0.0,0.0,0.0,0.0,1,1,1,1234,0,1,0,0,0,1325,1325,1325,1325,1383.5416666666667,1353.5833333333333,1325.0,1325.0,1325.0
20140321,0.0,0.0,0.0,0.0,0,0.0,0.0,0.0,0.0,1,1,1,1234,0,1,0,0,0,1325,1325,1325,1325,1384.75,1353.0833333333333,1325.0,1325.0,1325.0
20140320,0.0,0.0,0.0,0.0,0,0.0,0.0,0.0,0.0,1,1,1,1234,0,1,0,0,0,1325,1325,1325,1325,1387.4166666666667,1352.1666666666667,1325.0,1325.0,1325.0
20140319,0.0,0.0,0.0,0.0,0,0.0,0.0,0.0,0.0,1,1,1,1234,0,1,0,0,0,1325,1325,1325,1325,1389.625,1350.25,1325.0,1325.0,1325.0
20140318,0.0,0.0,0.0,0.0,0,0.0,0.0,0.0,0.0,1,1,1,1234,0,1,0,0,0,1325,1325,1325,1325,1393.0,1348.6666666666667,1325.0,1325.0,1325.0
20140317,0.0,0.0,0.0,0.0,0,0.0,0.0,0.0,0.0,1,1,1,1234,0,1,0,0,0,1325,1325,1325,1325,1398.875,1347.5,1325.0,1325.0,1325.0
20140314,0.0,0.0,0.0,0.0,0,0.0,0.0,0.0,0.0,1,1,1,1234,0,1,0,0,0,1325,1325,1325,1325,1404.2916666666667,1346.25,1325.0,1325.0,1325.0
20140313,0.0,0.0,0.0,0.0,0,0.0,0.0,0.0,0.0,1,1,1,1234,0,1,0,0,0,1325,1325,1325,1325,1410.5833333333333,1344.5,1325.0,1325.0,1325.0
20140312,0.0,0.0,0.0,0.0,0,0.0,0.0,0.0,0.0,1,1,1,1234,0,1,0,0,0,1325,1325,1325,1325,1416.875,1344.0833333333333,1325.0,1325.0,1325.0
20140311,0.0,0.0,0.0,0.0,0,0.0,0.0,0.0,0.0,1,1,1,1234,0,1,0,0,0,1325,1325,1325,1325,1423.9166666666667,1343.75,1325.0,1325.0,1325.0
20140310,0.0,0.0,0.0,0.0,0,0.0,0.0,0.0,0.0,1,1,1,1234,0,1,0,0,0,1325,1325,1325,1325,1430.375,1344.1666666666667,1325.0,1325.0,1325.0
20140307,0.0,0.0,0.0,0.0,0,0.0,0.0,0.0,0.0,1,1,1,1234,0,1,0,0,0,1325,1325,1325,1325,1437.2083333333333,1345.8333333333333,1325.0,1325.0,1325.0
20140306,0.0,0.0,0.0,0.0,0,0.0,0.0,0.0,0.0,1,1,1,1234,0,1,0,0,0,1325,1325,1325,1325,1444.0416666666667,1347.75,1325.0,1325.0,1325.0
20140305,0.0,0.0,0.0,0.0,0,0.0,0.0,0.0,0.0,1,1,1,1234,0,1,0,0,0,1325,1325,1325,1325,1450.7916666666667,1349.3333333333333,1325.0,1325.0,1325.0
20140304,0.0,0.0,0.0,0.0,0,0.0,0.0,0.0,0.0,1,1,1,1234,0,1,0,0,0,1325,1325,1325,1325,1457.0,1351.5,1325.0,1325.0,1325.0
20140303,0.0,0.0,0.0,0.0,0,0.0,0.0,0.0,0.0,1,1,1,1234,0,1,0,0,0,1325,1325,1325,1325,1462.7916666666667,1354.25,1325.0,1325.0,1325.0
20140228,0.0,0.0,0.0,0.0,0,0.0,0.0,0.0,0.0,1,1,1,1234,0,1,0,0,0,1325,1325,1325,1325,1469.7083333333333,1356.0,1325.0,1325.0,1325.0
20140227,0.0,0.0,0.0,0.0,0,0.0,0.0,0.0,0.0,1,1,1,1234,0,1,0,0,0,1325,1325,1325,1325,1476.5416666666667,1359.4166666666667,1325.0,1325.0,1325.0
20140226,0.0,0.0,0.0,0.0,0,0.0,0.0,0.0,0.0,1,1,1,1234,0,1,0,0,0,1325,1325,1325,1325,1483.3333333333333,1360.9166666666667,1325.0,1325.0,1325.0
20140225,0.0,0.0,0.0,0.0,0,0.0,0.0,0.0,0.0,1,1,1,1234,0,1,0,0,0,1325,1325,1325,1325,1491.2916666666667,1362.4166666666667,1324.0,1325.0,1325.0
20140224,0.0,0.0,0.0,0.0,0,0.0,0.0,0.0,0.0,1,1,1,1234,0,1,0,0,0,1325,1325,1325,1325,1499.25,1363.9166666666667,1334.25,1325.0,1325.0
20140221,0.0,0.0,0.0,0.0,0,0.0,0.0,0.0,0.0,1,1,1,1234,0,1,0,0,0,1325,1325,1325,1325,1507.0416666666667,1364.25,1347.5,1325.0,1325.0
20140220,0.0,0.0,0.0,0.0,0,0.0,0.0,0.0,0.0,1,1,1,1234,0,1,0,0,0,1325,1325,1325,1325,1514.25,1364.0,1362.25,1325.0,1325.0
20140219,0.0,0.0,0.0,0.0,0,0.0,0.0,0.0,0.0,1,1,1,1234,0,1,0,0,0,1325,1325,1325,1325,1520.7083333333333,1365.5833333333333,1386.0,1325.0,1325.0
20140218,0.0,0.0,0.0,0.0,0,0.0,0.0,0.0,0.0,1,1,1,1234,0,1,0,0,0,1325,1325,1325,1325,1526.625,1365.8333333333333,1411.25,1325.0,1325.0
20140217,0.0,0.0,0.0,0.0,0,0.0,0.0,0.0,0.0,1,1,1,1234,0,1,0,0,0,1325,1325,1325,1325,1533.0833333333333,1366.25,1445.0,1325.0,1325.0
20140214,0.0,0.0,0.0,0.0,0,0.0,0.0,0.0,0.0,1,1,1,1234,0,1,0,0,0,1325,1325,1325,1325,1540.7916666666667,1366.6666666666667,1465.75,1325.0,1325.0
20140213,0.0,0.0,0.0,0.0,0,0.0,0.0,0.0,0.0,1,1,1,1234,0,1,0,0,0,1325,1325,1325,1325,1547.5416666666667,1367.1666666666667,1475.25,1325.0,1325.0
20140212,0.0,0.0,0.0,0.0,0,0.0,0.0,0.0,0.0,1,1,1,1234,0,1,0,0,0,1325,1325,1325,1325,1554.0,1370.0833333333333,1475.0,1325.0,1325.0
20140211,0.0,0.0,0.0,0.0,0,0.0,0.0,0.0,0.0,1,1,1,1234,0,1,0,0,0,1325,1325,1325,1325,1560.875,1373.25,1466.25,1323.0,1325.0
20140210,0.0,0.0,0.0,0.0,0,0.0,0.0,0.0,0.0,1,1,1,1234,0,1,0,0,0,1325,1325,1325,1325,1567.3333333333333,1373.1666666666667,1456.5,1343.5,1325.0
20140207,0.0,0.0,0.0,0.0,0,0.0,0.0,0.0,0.0,1,1,1,1234,0,1,0,0,0,1325,1325,1325,1325,1573.7916666666667,1372.1666666666667,1449.75,1370.0,1325.0
20140206,0.0,0.0,0.0,0.0,0,0.0,0.0,0.0,0.0,1,1,1,1234,0,1,0,0,0,1325,1325,1325,1325,1580.25,1372.0,1440.0,1399.5,1325.0
20140205,0.0,0.0,0.0,0.0,0,0.0,0.0,0.0,0.0,1,1,1,1234,0,1,0,0,0,1325,1325,1325,1325,1587.5,1372.0833333333333,1434.5,1447.0,1325.0
20140204,0.0,0.0,0.0,0.0,0,0.0,0.0,0.0,0.0,1,1,1,1234,0,1,0,0,0,1325,1325,1325,1325,1594.5416666666667,1374.0,1429.25,1497.5,1321.0
20140203,0.0,0.0,0.0,0.0,0,0.0,0.0,0.0,0.0,1,1,1,1234,0,1,0,0,0,1325,1325,1325,1325,1601.625,1375.75,1424.75,1565.0,1362.0
20140129,0.0,0.0,0.0,0.0,0,-100.0,0.0,0.0,0.0,1,1,1,1234,0,1,0,0,0,1325,1325,1325,1325,1609.25,1377.0833333333333,1420.25,1606.5,1415.0
20140128,-0.38,3.45,-6.13,1.53,70382,-42.72,78.57,0.0,7.56,1,1,-1,1234,0,1,0,0,0,1325,1300,1225,1350,1616.75,1379.75,1417.75,1625.5,1474.0
20140127,0.0,0.0,-14.71,-14.71,122870,-46.53,40.35,0.0,13.19,1,1,1,1216,0,1,0,0,0,1305,1530,1305,1530,1623.9583333333333,1383.8333333333333,1414.25,1625.0,1569.0
20140124,0.0,5.35,-8.18,-3.77,229795,-7.29,84.79,0.0,24.67,1,1,1,1425,0,1,0,0,0,1530,1590,1460,1675,1631.25,1389.4166666666667,1413.75,1609.5,1674.0
20140123,0.0,1.54,-8.33,-1.85,247851,-26.21,100.39,0.0,26.61,1,1,1,1481,0,1,0,0,0,1590,1620,1485,1645,1636.6666666666667,1393.1666666666667,1401.5,1569.5,1768.0
20140122,-3.89,0.0,-11.11,-10.0,335903,-72.58,39.84,0.0,36.06,-1,1,1,1509,0,1,0,0,0,1620,1730,1600,1800,1641.5833333333333,1392.1666666666667,1386.75,1529.5,1798.0
20140121,1.09,12.3,-10.38,-1.64,1225037,-6.68,95.45,0.21,131.51,1,1,-1,1677,0,1,0,0,0,1800,1850,1640,2055,1646.125,1395.1666666666667,1369.25,1480.5,1777.0
20140120,2.5,8.5,-15.0,-8.5,1312772,46.8,78.27,0.0,140.92,1,-1,-1,1705,0,1,0,0,0,1830,2050,1700,2170,1648.875,1396.3333333333333,1339.75,1422.0,1681.0
20140117,0.0,14.94,-4.89,14.94,894239,-26.17,120.38,0.0,96.0,1,-1,-1,1863,0,1,0,0,0,2000,1740,1655,2000,1651.125,1395.75,1309.75,1361.0,1545.0
20140116,14.85,14.85,-7.59,14.85,1211203,1217.81,113.38,0.0,130.02,1,1,-1,1621,0,1,0,0,0,1740,1740,1400,1740,1651.9583333333333,1388.5,1272.5,1284.5,1371.0
20140115,14.77,14.77,11.36,14.77,91910,-49.04,26.14,0.0,9.87,1,1,1,1411,0,1,0,0,0,1515,1515,1470,1515,1655.375,1382.25,1248.0,1234.0,1261.0
20140114,10.43,14.78,10.43,14.78,180352,133.59,51.39,0.0,19.36,1,1,1,1230,0,1,0,0,0,1320,1270,1270,1320,1660.0833333333333,1376.8333333333333,1233.25,1210.0,1184.0
20140113,0.0,5.75,0.0,1.77,77210,59.89,57.11,0.0,8.29,-1,1,1,1071,0,1,0,0,0,1150,1130,1130,1195,1666.1666666666667,1378.0833333333333,1232.25,1203.5,1163.0
20140110,0.0,0.0,-7.56,-5.04,48290,-74.4,34.17,0.33,5.18,1,1,1,1053,0,1,0,0,0,1130,1190,1100,1190,1673.3333333333333,1382.1666666666667,1240.0,1218.0,1177.0
20140109,0.0,13.72,-1.77,5.31,188620,412.55,95.37,0.33,20.25,-1,1,1,1109,0,1,0,0,0,1190,1130,1110,1285,1680.5833333333333,1386.5833333333333,1251.0,1233.5,1198.0
20140108,-3.7,-2.06,-9.47,-7.0,36800,542.23,39.29,0.58,3.95,1,1,1,1053,0,1,0,0,0,1130,1170,1100,1190,1687.375,1390.0,1262.75,1244.0,1207.0
20140107,2.05,2.05,-5.74,-0.41,5730,-12.92,89.4,0.58,0.62,1,1,1,1132,0,1,0,0,0,1215,1245,1150,1245,1694.75,1394.4166666666667,1278.25,1258.0,1236.0
20140106,-2.83,3.24,-5.26,-1.21,6580,-28.01,88.29,0.58,0.71,1,1,1,1136,0,1,0,0,0,1220,1200,1170,1275,1701.5,1397.4166666666667,1288.5,1257.5,1244.0
20140103,0.0,0.81,-4.45,0.0,9140,317.35,29.01,0.58,0.98,1,1,1,1150,0,1,0,0,0,1235,1235,1180,1245,1708.0833333333333,1400.3333333333333,1300.25,1258.5,1259.0
20140102,-1.18,-0.78,-3.14,-3.14,2190,39.49,179.49,0.58,0.24,1,1,1,1150,0,1,0,0,0,1235,1260,1235,1265,1714.625,1403.0,1313.0,1260.5,1269.0
20131230,1.99,1.99,-2.79,1.59,1570,24.6,112.33,0.58,0.17,1,1,1,1188,0,1,0,0,0,1275,1280,1220,1280,1722.0,1405.6666666666667,1322.75,1262.0,1281.0
20131227,-3.09,-1.16,-5.02,-3.09,1260,-30.77,144.9,0.58,0.14,1,1,1,1169,0,1,0,0,0,1255,1255,1230,1280,1729.5416666666667,1407.6666666666667,1335.5,1256.5,1280.0
20131226,-1.95,0.78,-4.28,0.78,1820,18.18,96.63,0.58,0.2,1,1,1,1206,0,1,0,0,0,1295,1260,1230,1295,1736.1666666666667,1410.0,1343.5,1261.0,1271.0
20131224,-3.09,-0.77,-5.79,-0.77,1540,190.57,15.91,0.58,0.17,1,1,1,1197,0,1,0,0,0,1285,1255,1220,1285,1742.625,1411.6666666666667,1349.5,1262.0,1258.0
20131223,0.0,1.97,0.0,1.97,530,-94.16,0.0,0.58,0.06,1,1,1,1206,0,1,0,0,0,1295,1270,1270,1295,1749.75,1413.5,1356.0,1268.5,1252.0
20131220,-0.41,6.61,-1.65,4.96,9080,-36.15,89.68,0.58,0.97,1,1,1,1183,0,1,0,0,0,1270,1205,1190,1290,1756.7083333333333,1416.4166666666667,1358.5,1281.5,1243.0
20131219,-1.63,0.0,-5.28,-1.63,14220,15.52,73.14,0.58,1.53,1,1,1,1127,0,1,0,0,0,1210,1210,1165,1230,1763.7083333333333,1422.6666666666667,1360.5,1298.5,1233.0
20131218,-3.19,0.8,-5.98,-1.99,12310,33.23,39.82,0.58,1.32,1,1,1,1146,0,1,0,0,0,1230,1215,1180,1265,1770.0416666666667,1429.0,1371.0,1319.5,1251.0
20131217,0.0,2.4,-3.6,0.4,9240,-40.2,99.04,0.58,0.99,1,1,1,1169,0,1,0,0,0,1255,1250,1205,1280,1775.4583333333333,1437.3333333333333,1376.5,1342.0,1266.0
20131216,5.74,14.75,-2.46,2.46,15451,-32.54,114.27,0.58,1.66,1,1,1,1164,0,1,0,0,0,1250,1290,1190,1400,1780.4583333333333,1450.25,1381.25,1365.5,1285.0
20131213,1.54,3.85,-6.15,-6.15,22905,11.46,33.89,0.58,2.46,1,1,1,1136,0,1,0,0,0,1220,1320,1220,1350,1786.9166666666667,1462.3333333333333,1386.25,1383.5,1320.0
20131212,-2.3,3.83,-4.98,-0.38,20550,100.68,80.54,0.58,2.21,1,1,1,1211,0,1,0,0,0,1300,1275,1240,1355,1791.6666666666667,1476.6666666666667,1393.0,1414.5,1364.0
20131211,-4.44,5.93,-7.04,-3.33,10240,-57.7,57.17,0.58,1.1,1,1,1,1216,0,1,0,0,0,1305,1290,1255,1430,1796.9166666666667,1489.6666666666667,1403.0,1426.0,1388.0
20131210,2.81,2.81,-13.68,-5.26,24210,2042.48,51.16,0.58,2.6,1,1,1,1258,0,1,0,0,0,1350,1465,1230,1465,1801.2083333333333,1504.0833333333333,1413.5,1437.0,1418.0
20131209,2.43,2.43,-6.25,-1.04,1130,-8.87,2.86,0.58,0.12,1,1,1,1327,0,1,0,0,0,1425,1475,1350,1475,1805.7916666666667,1516.5833333333333,1412.0,1443.5,1446.0
20131206,-0.35,2.82,-2.82,1.41,1240,-95.69,27.94,0.58,0.13,1,1,1,1341,0,1,0,0,0,1440,1415,1380,1460,1808.375,1528.5833333333333,1404.0,1435.5,1447.0
20131205,0.69,4.47,-3.78,-2.41,28800,92.77,271.52,0.58,3.09,1,1,1,1323,0,1,0,0,0,1420,1465,1400,1520,1811.1666666666667,1540.3333333333333,1397.75,1422.5,1465.0
20131204,0.0,0.0,-6.38,-2.35,14940,-25.82,72.25,0.58,1.6,1,1,1,1355,0,1,0,0,0,1455,1490,1395,1490,1814.2916666666667,1552.25,1393.25,1422.5,1464.0
20131203,4.9,6.29,-1.05,4.2,20140,53.67,140.34,0.58,2.16,1,1,1,1388,0,1,0,0,0,1490,1500,1415,1520,1817.1666666666667,1562.5,1392.5,1411.0,1456.0
20131202,-6.86,-0.65,-10.13,-6.54,13106,95.03,15.0,0.58,1.41,1,1,1,1332,0,1,0,0,0,1430,1425,1375,1520,1821.75,1571.3333333333333,1389.5,1397.0,1441.0
20131129,1.06,9.19,-2.12,8.13,6720,-28.06,164.23,0.58,0.72,1,1,1,1425,0,1,0,0,0,1530,1430,1385,1545,1824.625,1583.4166666666667,1388.25,1389.0,1424.0
20131128,0.35,1.77,-4.59,0.0,9341,-16.6,165.04,0.58,1.0,1,1,1,1318,0,1,0,0,0,1415,1420,1350,1440,1825.75,1593.6666666666667,1386.0,1371.5,1380.0
20131127,2.47,3.53,-2.83,0.0,11200,-40.93,107.81,0.58,1.2,1,1,1,1318,0,1,0,0,0,1415,1450,1375,1465,1829.0833333333333,1605.75,1393.75,1380.0,1381.0
20131126,-1.49,5.2,-4.83,5.2,18960,28.61,73.6,0.58,2.04,1,1,1,1318,0,1,0,0,0,1415,1325,1280,1415,1832.3333333333333,1620.1666666666667,1405.0,1390.0,1366.0
20131125,10.69,10.69,1.53,2.67,14742,-60.64,50.0,0.58,1.58,1,1,1,1253,0,1,0,0,0,1345,1450,1330,1450,1836.0416666666667,1634.5833333333333,1422.0,1380.5,1353.0
20131122,-2.46,-2.46,-7.75,-7.75,37450,-69.4,45.88,0.58,4.02,1,1,-1,1220,0,1,0,0,0,1310,1385,1310,1385,1840.625,1649.8333333333333,1431.25,1372.5,1354.0
20131121,2.99,10.45,-1.87,5.97,122385,393.33,58.26,0.31,13.14,-1,1,1,1323,0,1,0,0,0,1420,1380,1315,1480,1844.5833333333333,1664.5,1455.75,1373.0,1363.0
20131120,0.74,5.19,-3.33,-0.74,24808,-33.38,58.41,0.6,2.66,1,1,1,1248,0,1,0,0,0,1340,1360,1305,1420,1847.9166666666667,1675.8333333333333,1478.25,1364.0,1379.0
20131119,-4.81,0.74,-5.19,0.0,37239,-70.78,82.77,0.6,4.0,1,1,1,1258,0,1,0,0,0,1350,1285,1280,1360,1851.7083333333333,1687.4166666666667,1501.0,1374.0,1414.0
20131118,0.0,0.0,-8.12,-0.37,127457,-38.07,27.21,0.6,13.68,1,1,1,1258,0,1,0,0,0,1350,1355,1245,1355,1855.4583333333333,1699.9166666666667,1511.75,1382.0,1408.0
20131115,0.0,0.0,-12.0,-9.67,205808,-70.61,43.04,0.6,22.09,1,1,-1,1262,0,1,0,0,0,1355,1500,1320,1500,1858.75,1714.9166666666667,1512.5,1387.5,1391.0
20131114,5.94,11.88,-10.56,-0.99,700365,149.17,79.97,0.0,75.18,1,1,1,1397,0,1,0,0,0,1500,1605,1355,1695,1862.0,1727.9166666666667,1504.25,1400.5,1383.0
20131113,1.52,14.77,0.0,14.77,281080,0.83,147.52,0.0,30.17,-1,1,1,1411,0,1,0,0,0,1515,1340,1320,1515,1863.5833333333333,1737.9166666666667,1499.0,1407.5,1349.0
20131112,-1.98,14.62,-2.77,4.35,278778,892.98,54.57,0.52,29.93,1,1,-1,1230,0,1,0,0,0,1320,1240,1230,1450,1865.25,1748.5,1493.0,1420.0,1334.0
20131111,-1.14,0.38,-4.18,-3.8,28075,-45.61,20.74,0.0,3.01,1,1,1,1178,0,1,0,0,0,1265,1300,1260,1320,1868.8333333333333,1761.5,1496.75,1463.5,1356.0
20131108,1.13,4.14,-1.5,-1.13,51615,-30.61,42.77,0.0,5.54,1,1,1,1225,0,1,0,0,0,1315,1345,1310,1385,1872.75,1775.4166666666667,1503.25,1490.0,1384.0
20131107,0.0,0.0,-8.68,-7.64,74383,5.28,28.64,0.0,7.98,1,1,1,1239,0,1,0,0,0,1330,1440,1315,1440,1876.1666666666667,1788.5,1507.25,1538.5,1418.0
20131106,1.4,8.04,-3.15,0.7,70652,-29.66,32.06,0.0,7.58,1,1,1,1341,0,1,0,0,0,1440,1450,1385,1545,1879.875,1802.9166666666667,1510.5,1592.5,1466.0
20131105,1.42,5.34,-2.49,1.78,100447,-27.22,67.61,0.0,10.78,1,-1,1,1332,0,1,0,0,0,1430,1425,1370,1480,1882.6666666666667,1815.0833333333333,1508.25,1628.0,1506.0
20131104,-1.01,4.04,-5.39,-5.39,138016,-47.57,39.6,0.0,14.82,1,1,1,1309,0,1,0,0,0,1405,1470,1405,1545,1884.9583333333333,1827.5,1506.5,1641.5,1571.0
20131101,4.46,4.46,-10.83,-5.41,263226,-11.82,69.58,0.0,28.26,1,1,1,1383,0,1,0,0,0,1485,1640,1400,1640,1887.9166666666667,1841.4166666666667,1506.0,1637.5,1596.0
20131031,0.0,5.49,-8.23,-4.27,298496,-50.5,47.52,0.0,32.04,1,1,1,1463,0,1,0,0,0,1570,1640,1505,1730,1889.75,1853.75,1501.5,1608.0,1659.0
20131030,0.0,9.97,-9.97,-6.55,603056,23.15,88.59,0.0,64.74,1,1,-1,1528,0,1,0,0,0,1640,1755,1580,1930,1890.9583333333333,1864.0833333333333,1492.75,1590.5,1719.0
20131029,-0.65,14.71,-0.65,14.71,489711,81.12,109.64,0.0,52.57,1,1,-1,1635,0,1,0,0,0,1755,1520,1520,1755,1892.2916666666667,1873.0833333333333,1480.5,1566.0,1750.0
20131028,11.11,11.11,-15.0,-15.0,270377,52.84,38.08,0.0,29.02,1,1,1,1425,0,1,0,0,0,1530,2000,1530,2000,1892.7916666666667,1880.1666666666667,1462.5,1530.0,1712.0
20131025,-0.53,4.28,-8.29,-3.74,176902,-68.28,65.77,0.0,18.99,1,1,1,1677,0,1,0,0,0,1800,1860,1715,1950,1895.4166666666667,1891.0,1459.5,1516.5,1679.0
20131024,14.76,14.76,-8.08,4.18,557646,1540.23,47.25,0.0,59.86,1,1,1,1742,0,1,0,0,0,1870,2060,1650,2060,1895.7083333333333,1897.0833333333333,1451.75,1476.0,1557.0
20131023,14.38,14.7,14.38,14.7,33998,-79.91,130.79,0.0,3.65,1,1,1,1672,0,1,0,0,0,1795,1790,1790,1795,1895.4166666666667,1901.4166666666667,1437.75,1428.5,1462.0
20131022,14.65,14.65,3.66,14.65,169233,74.99,60.12,0.0,18.17,1,1,1,1458,0,1,0,0,0,1565,1565,1415,1565,1896.5,1906.5,1434.5,1388.5,1382.0
20131021,-5.46,14.71,-7.56,14.71,96709,65.98,65.1,0.0,10.38,1,1,1,1272,0,1,0,0,0,1365,1125,1100,1365,1899.2083333333333,1915.4166666666667,1457.75,1371.5,1348.0
20131018,-14.7,-2.15,-14.7,-14.7,58266,0.0,511.07,0.0,6.25,1,1,1,1109,0,1,0,0,0,1190,1190,1190,1365,1903.4583333333333,1928.5,1488.25,1374.5,1354.0
20131017,0.0,0.0,0.0,0.0,0,0.0,0.0,0.0,0.0,1,1,1,1300,0,1,0,0,0,1395,1395,1395,1395,1909.0833333333333,1943.3333333333333,1532.75,1395.0,1395.0
20131016,0.0,0.0,0.0,0.0,0,0.0,0.0,0.0,0.0,1,1,1,1300,0,1,0,0,0,1395,1395,1395,1395,1913.125,1954.25,1567.0,1395.0,1395.0
20131015,0.0,0.0,0.0,0.0,0,0.0,0.0,0.0,0.0,1,1,1,1300,0,1,0,0,0,1395,1395,1395,1395,1916.8333333333333,1964.5,1605.75,1395.0,1395.0
20131014,0.0,0.0,0.0,0.0,0,0.0,0.0,0.0,0.0,1,1,1,1300,0,1,0,0,0,1395,1395,1395,1395,1920.5,1974.5833333333333,1641.0,1395.0,1395.0
20131011,0.0,0.0,0.0,0.0,0,0.0,0.0,0.0,0.0,1,1,1,1300,0,1,0,0,0,1395,1395,1395,1395,1924.0,1984.75,1678.5,1402.5,1395.0
20131010,0.0,0.0,0.0,0.0,0,0.0,0.0,0.0,0.0,1,1,1,1300,0,1,0,0,0,1395,1395,1395,1395,1927.5416666666667,1995.0833333333333,1716.0,1427.5,1395.0
20131008,0.0,0.0,0.0,0.0,0,0.0,0.0,0.0,0.0,1,1,1,1300,0,1,0,0,0,1395,1395,1395,1395,1931.0416666666667,2005.5833333333333,1753.0,1447.0,1395.0
20131007,0.0,0.0,0.0,0.0,0,0.0,0.0,0.0,0.0,1,1,1,1300,0,1,0,0,0,1395,1395,1395,1395,1934.5,2015.8333333333333,1786.75,1480.5,1395.0
20131004,0.0,0.0,0.0,0.0,0,0.0,0.0,0.0,0.0,1,1,1,1300,0,1,0,0,0,1395,1395,1395,1395,1938.5,2026.25,1818.0,1544.0,1395.0
20131002,0.0,0.0,0.0,0.0,0,0.0,0.0,0.0,0.0,1,1,1,1300,0,1,0,0,0,1395,1395,1395,1395,1941.0416666666667,2038.3333333333333,1856.0,1602.0,1410.0
20131001,0.0,0.0,0.0,0.0,0,-100.0,0.0,0.0,0.0,1,1,1,1300,0,1,0,0,0,1395,1395,1395,1395,1943.4166666666667,2051.4166666666665,1893.5,1670.5,1460.0
20130930,0.0,0.0,0.0,0.0,581,-99.34,0.0,0.0,0.06,1,1,1,1300,0,1,0,0,0,1395,1395,1395,1395,1945.875,2062.3333333333335,1930.75,1739.0,1499.0
20130927,-0.34,5.78,-6.46,-5.1,88683,-71.79,90.01,0.0,9.52,1,1,1,1300,0,1,0,0,0,1395,1465,1375,1555,1948.3333333333333,2073.5833333333335,1975.0,1816.5,1566.0
20130926,-6.99,3.34,-14.89,-10.64,314412,2346.79,48.8,0.0,33.75,1,1,-1,1369,0,1,0,0,0,1470,1530,1400,1700,1951.125,2086.0,2019.25,1887.0,1693.0
20130925,-4.4,10.69,-4.4,3.46,12850,-8.88,46.18,0.0,1.38,1,1,1,1532,0,1,0,0,0,1645,1520,1520,1760,1952.8333333333333,2097.0,2058.75,1954.5,1794.0
20130924,-14.74,-4.62,-14.74,-8.09,14102,80.06,163.39,0.0,1.51,1,1,1,1481,0,1,0,0,0,1590,1475,1475,1650,1953.8333333333333,2104.75,2086.0,2004.5,1881.0
20130923,-2.96,-2.96,-14.78,-14.78,7832,1764.76,0.96,0.0,0.84,1,1,1,1612,0,1,0,0,0,1730,1970,1730,1970,1955.375,2111.0833333333335,2111.5,2059.0,1979.0
20130917,0.76,2.78,0.76,2.78,420,-25.0,0.0,0.0,0.05,1,1,1,1891,0,1,0,0,0,2030,1990,1990,2030,1955.25,2113.5833333333335,2126.75,2093.0,2067.0
20130916,-3.37,-2.16,-5.05,-5.05,560,-72.28,5.26,0.0,0.06,1,1,-1,1840,0,1,0,0,0,1975,2010,1975,2035,1953.5416666666667,2110.6666666666665,2130.25,2092.0,2081.0
20130913,-0.48,1.92,-2.64,0.0,2020,41.26,90.48,0.0,0.22,1,1,1,1938,0,1,0,0,0,2080,2070,2025,2120,1951.125,2111.5,2144.0,2110.0,2115.0
20130912,-4.61,-3.46,-7.37,-4.15,1430,7050.0,68.25,0.0,0.15,1,1,1,1938,0,1,0,0,0,2080,2070,2010,2095,1948.2916666666667,2106.6666666666665,2146.75,2116.5,2128.0
20130911,0.0,3.33,0.0,3.33,20,-85.71,0.0,0.0,0.0,1,1,1,2021,0,1,0,0,0,2170,2100,2100,2170,1946.9583333333333,2104.1666666666665,2147.75,2122.5,2139.0
20130910,0.47,0.47,-4.43,-2.1,140,351.61,8.33,0.0,0.02,1,1,1,1956,0,1,0,0,0,2100,2155,2050,2155,1944.2083333333333,2098.3333333333335,2146.75,2133.5,2119.0
20130909,0.0,0.0,0.0,0.0,31,210.0,0.0,0.0,0.0,1,1,1,1998,0,1,0,0,0,2145,2145,2145,2145,1941.5416666666667,2095.0,2146.75,2151.5,2103.0
20130906,0.47,0.47,0.47,0.47,10,-94.12,0.0,0.0,0.0,1,1,1,1998,0,1,0,0,0,2145,2145,2145,2145,1938.7083333333333,2088.1666666666665,2144.5,2163.0,2105.0
20130905,-0.24,3.14,-0.24,3.14,170,53.15,0.0,0.0,0.02,1,1,1,1989,0,1,0,0,0,2135,2065,2065,2135,1935.7916666666667,2082.0,2142.25,2167.5,2105.0
20130904,0.0,2.97,0.0,2.48,111,-51.74,800.0,0.0,0.01,1,1,1,1928,0,1,0,0,0,2070,2020,2020,2080,1933.1666666666667,2076.3333333333335,2145.25,2164.0,2106.0
20130903,0.93,0.93,-6.26,-6.26,230,2200.0,0.0,0.0,0.02,1,1,1,1882,0,1,0,0,0,2020,2175,2020,2175,1931.0416666666667,2071.8333333333335,2150.25,2160.5,2148.0
20130902,0.47,0.47,0.47,0.47,10,-87.5,0.0,0.0,0.0,1,1,1,2007,0,1,0,0,0,2155,2155,2155,2155,1929.125,2072.1666666666665,2158.0,2168.5,2200.0
20130830,4.91,4.91,0.23,0.23,80,-75.76,0.0,0.0,0.01,1,1,1,1998,0,1,0,0,0,2145,2245,2145,2245,1926.0833333333333,2065.8333333333335,2162.25,2178.0,2221.0
20130829,0.0,0.0,-7.89,-6.14,330,371.43,23.08,0.0,0.04,1,1,1,1994,0,1,0,0,0,2140,2280,2100,2280,1923.0,2057.8333333333335,2166.25,2177.0,2230.0
20130828,0.22,0.22,-7.24,0.0,70,-30.0,200.0,0.0,0.01,1,1,1,2124,0,1,0,0,0,2280,2285,2115,2285,1919.7916666666667,2052.4166666666665,2168.75,2173.0,2222.0
20130827,-0.66,0.88,-1.77,0.88,100,900.0,0.0,0.0,0.01,1,1,1,2124,0,1,0,0,0,2280,2245,2220,2280,1914.7916666666667,2044.5,2163.75,2160.0,2173.0
20130826,3.2,3.2,3.2,3.2,10,-50.0,0.0,0.0,0.0,1,1,1,2105,0,1,0,0,0,2260,2260,2260,2260,1910.0,2037.5,2158.75,2142.0,2137.0
20130823,-2.86,4.29,-2.86,4.29,20,-96.49,0.0,0.0,0.0,1,1,1,2040,0,1,0,0,0,2190,2040,2040,2190,1904.8333333333333,2031.4166666666667,2154.75,2126.0,2135.0
20130822,0.49,9.34,-0.98,3.19,570,714.29,2650.0,0.0,0.06,1,1,1,1956,0,1,0,0,0,2100,2045,2015,2225,1900.2916666666667,2024.6666666666667,2153.5,2117.0,2124.0
20130821,0.0,0.0,-3.1,-3.1,70,-98.66,0.0,0.0,0.01,1,1,1,1896,0,1,0,0,0,2035,2100,2035,2100,1896.5,2020.0,2155.0,2126.5,2124.0
20130820,-0.22,1.11,-6.67,-6.67,5220,338.66,58.77,0.0,0.56,1,1,1,1956,0,1,0,0,0,2100,2245,2100,2275,1893.5833333333333,2016.0,2158.25,2140.0,2147.0
20130819,-0.7,5.62,-0.7,5.39,1190,-65.0,883.33,0.0,0.13,1,1,1,2096,0,1,0,0,0,2250,2120,2120,2255,1890.0833333333333,2011.0,2158.25,2147.5,2147.0
20130816,1.67,1.67,-5.95,1.67,3400,566.67,465.0,0.0,0.36,1,1,1,1989,0,1,0,0,0,2135,2135,1975,2135,1885.3333333333333,2002.5833333333333,2153.25,2146.5,2117.0
20130814,-2.33,2.33,-2.33,-2.33,510,-83.6,117.39,0.0,0.05,1,1,1,1956,0,1,0,0,0,2100,2100,2100,2200,1881.5833333333333,1996.0833333333333,2150.5,2155.5,2110.0
20130813,0.24,2.62,-3.81,2.38,3109,283.35,0.98,0.0,0.33,1,1,1,2003,0,1,0,0,0,2150,2105,2020,2155,1877.9166666666667,1989.25,2148.0,2164.5,2129.0
20130812,-3.57,3.1,-3.57,0.0,811,42.28,150.0,0.0,0.09,1,1,1,1956,0,1,0,0,0,2100,2025,2025,2165,1874.0416666666667,1982.0,2141.0,2167.5,2133.0
20130809,0.0,3.57,0.0,0.0,570,-66.67,292.31,0.0,0.06,1,1,1,1956,0,1,0,0,0,2100,2100,2100,2175,1870.2916666666667,1976.1666666666667,2136.0,2175.5,2148.0
20130808,-2.73,-0.23,-5.24,-4.33,1710,134.25,30.34,0.0,0.18,1,1,1,1956,0,1,0,0,0,2100,2135,2080,2190,1866.5833333333333,1970.0833333333333,2131.25,2183.5,2176.0
20130807,-2.76,1.15,-2.76,1.15,730,563.64,260.0,0.0,0.08,1,1,1,2045,0,1,0,0,0,2195,2110,2110,2195,1862.875,1963.8333333333333,2127.0,2190.0,2201.0
20130806,0.0,0.0,-2.07,-0.23,110,-94.55,200.0,0.0,0.01,1,1,1,2021,0,1,0,0,0,2170,2175,2130,2175,1858.4583333333333,1956.8333333333333,2118.5,2183.5,2200.0
20130805,-1.79,-1.79,-6.25,-2.9,2020,-21.09,0.56,0.0,0.22,1,1,1,2026,0,1,0,0,0,2175,2200,2100,2200,1854.1666666666667,1950.25,2110.5,2176.5,2202.0
20130802,-1.12,0.9,-5.17,0.67,2560,12.78,100.86,0.0,0.27,1,1,1,2087,0,1,0,0,0,2240,2200,2110,2245,1849.8333333333333,1942.4166666666667,2102.75,2169.0,2203.0
20130801,-1.83,1.6,-4.57,1.6,2270,166.75,140.43,0.0,0.24,1,1,1,2073,0,1,0,0,0,2225,2150,2090,2225,1845.5416666666667,1934.4166666666667,2096.75,2160.0,2191.0
20130731,0.0,0.92,-2.52,0.46,851,-77.84,71.43,0.0,0.09,1,1,1,2040,0,1,0,0,0,2190,2180,2125,2200,1841.4166666666667,1925.75,2094.5,2145.5,2179.0
20130730,-0.92,0.92,-4.13,0.0,3840,217.36,151.97,0.0,0.41,1,1,1,2031,0,1,0,0,0,2180,2160,2090,2200,1837.75,1917.8333333333333,2087.5,2131.5,2167.0
20130729,-0.46,0.92,-5.05,0.0,1210,-72.45,64.38,0.0,0.13,1,1,1,2031,0,1,0,0,0,2180,2170,2070,2200,1834.0,1911.5,2082.0,2114.5,2151.0
20130726,0.0,1.39,-5.77,0.69,4392,16.81,239.84,0.0,0.47,1,1,1,2031,0,1,0,0,0,2180,2165,2040,2195,1830.4583333333333,1905.4166666666667,2080.0,2096.5,2135.0
20130725,-1.41,2.82,-4.46,1.64,3760,317.78,374.68,0.0,0.4,1,1,1,2017,0,1,0,0,0,2165,2100,2035,2190,1827.625,1899.8333333333333,2077.5,2079.0,2129.0
20130724,0.24,2.62,-1.9,1.43,900,625.81,161.76,0.0,0.1,1,1,1,1984,0,1,0,0,0,2130,2105,2060,2155,1824.625,1894.3333333333333,2074.75,2064.0,2112.0
20130723,-3.57,0.0,-3.57,0.0,124,-90.84,100.0,0.0,0.01,1,1,1,1956,0,1,0,0,0,2100,2025,2025,2100,1823.5,1889.4166666666667,2066.75,2053.5,2096.0
20130722,0.0,0.0,-2.33,-2.33,1354,-44.28,2.29,0.0,0.15,1,1,1,1956,0,1,0,0,0,2100,2150,2100,2150,1820.4583333333333,1886.5,2055.75,2044.5,2078.0
20130719,-0.96,3.37,-1.68,3.37,2430,158.51,218.42,0.0,0.26,1,1,1,2003,0,1,0,0,0,2150,2060,2045,2150,1817.375,1883.0,2043.5,2036.5,2058.0
20130718,-1.46,2.44,-4.88,1.46,940,-96.9,19.23,0.0,0.1,1,1,1,1938,0,1,0,0,0,2080,2020,1950,2100,1813.75,1878.4166666666667,2037.25,2033.5,2029.0
20130717,0.0,6.97,-7.21,1.99,30290,480.27,41.5,0.0,3.25,1,1,1,1910,0,1,0,0,0,2050,2010,1865,2150,1810.4583333333333,1874.8333333333333,2022.75,2043.5,2016.0
20130716,0.25,1.0,-1.0,0.5,5220,-70.62,88.04,0.0,0.56,1,1,1,1872,0,1,0,0,0,2010,2005,1980,2020,1807.4166666666667,1872.0,2016.75,2043.5,2011.0
20130715,2.24,9.23,-2.74,-0.25,17770,2015.48,36.0,0.0,1.91,1,1,1,1863,0,1,0,0,0,2000,2050,1950,2190,1806.5416666666667,1869.1666666666667,2007.25,2049.5,2011.0
20130712,0.0,0.5,-0.99,-0.5,840,-41.91,21.21,0.0,0.09,1,1,1,1868,0,1,0,0,0,2005,2015,1995,2025,1803.7083333333333,1866.4166666666667,2002.25,2063.5,2015.0
20130711,0.49,0.49,-2.22,-0.49,1446,12.97,26.55,0.0,0.16,1,1,1,1877,0,1,0,0,0,2015,2035,1980,2035,1799.0416666666667,1863.25,1988.75,2076.0,2038.0
20130710,0.25,1.24,-1.0,0.75,1280,-87.75,16.67,0.0,0.14,1,1,1,1886,0,1,0,0,0,2025,2015,1990,2035,1794.0,1860.0,1976.75,2085.5,2071.0
20130709,1.49,2.23,-0.99,-0.5,10451,-69.24,2.65,0.0,1.12,1,1,1,1872,0,1,0,0,0,2010,2050,2000,2065,1789.125,1856.5,1965.25,2080.0,2076.0
20130708,-4.01,0.47,-4.95,-4.72,33981,-56.18,361.3,0.0,3.65,1,1,1,1882,0,1,0,0,0,2020,2035,2015,2130,1783.6666666666667,1853.1666666666667,1954.75,2067.0,2088.0
20130705,0.69,14.91,-8.26,-2.75,77540,725.33,105.36,0.0,8.32,1,1,1,1975,0,1,0,0,0,2120,2195,2000,2505,1778.125,1850.75,1955.75,2050.5,2112.0
20130704,0.24,14.39,-4.88,6.34,9395,226.22,225.96,0.0,1.01,1,1,1,2031,0,1,0,0,0,2180,2055,1950,2345,1771.0416666666667,1843.75,1938.5,2041.0,2114.0
20130703,1.45,4.35,-2.66,-0.97,2880,-63.86,109.92,0.0,0.31,1,1,1,1910,0,1,0,0,0,2050,2100,2015,2160,1763.5833333333333,1835.4166666666667,1912.75,2002.0,2100.0
20130702,-3.74,1.4,-7.24,-3.27,7970,575.42,105.95,0.0,0.86,1,1,1,1928,0,1,0,0,0,2070,2060,1985,2170,1756.7083333333333,1829.4166666666667,1901.0,1990.0,2084.0
20130701,4.69,6.34,-1.41,0.47,1180,-84.31,88.14,0.0,0.13,1,1,1,1994,0,1,0,0,0,2140,2230,2100,2265,1750.2083333333333,1823.0833333333333,1887.75,1965.0,2046.0
20130628,6.64,6.64,-0.47,0.95,7522,-68.98,76.67,0.0,0.81,1,1,1,1984,0,1,0,0,0,2130,2250,2100,2250,1743.0416666666667,1816.25,1873.75,1941.0,1989.0
20130627,0.25,7.87,-7.61,7.11,24250,529.87,168.96,0.0,2.6,1,1,1,1966,0,1,0,0,0,2110,1975,1820,2125,1735.9583333333333,1808.6666666666667,1862.0,1901.5,1968.0
20130626,0.27,6.65,0.27,4.79,3850,-72.34,119.43,0.0,0.41,1,1,1,1835,0,1,0,0,0,1970,1885,1885,2005,1729.1666666666667,1802.9166666666667,1845.75,1868.0,1904.0
20130625,0.54,8.36,-0.27,1.35,13920,-54.72,66.91,0.0,1.49,1,1,1,1751,0,1,0,0,0,1880,1865,1850,2010,1723.75,1799.6666666666667,1838.25,1850.5,1896.0
20130624,0.25,0.99,-9.63,-8.4,30740,-51.18,170.67,0.0,3.3,1,1,1,1728,0,1,0,0,0,1855,2030,1830,2045,1719.0416666666667,1796.9166666666667,1834.0,1842.5,1884.0
20130621,-1.96,14.8,-2.79,13.13,62971,932.31,114.81,0.0,6.76,1,1,1,1886,0,1,0,0,0,2025,1755,1740,2055,1714.125,1796.4166666666667,1831.25,1861.0,1893.0
20130620,-2.59,-0.78,-8.03,-7.25,6100,123.44,38.9,0.0,0.65,1,1,1,1667,0,1,0,0,0,1790,1880,1775,1915,1707.5,1790.75,1817.25,1836.0,1835.0
20130619,0.0,6.32,-2.75,6.04,2730,-69.67,166.67,0.0,0.29,1,1,1,1798,0,1,0,0,0,1930,1820,1770,1935,1702.9166666666667,1789.9166666666667,1815.0,1823.5,1832.0
20130618,-7.63,-1.05,-8.68,-4.21,9000,-65.16,82.58,0.0,0.97,1,1,1,1695,0,1,0,0,0,1820,1755,1735,1880,1697.1666666666667,1789.75,1803.0,1812.0,1805.0
20130617,-2.02,14.7,-2.02,9.51,25830,994.49,162.85,0.0,2.77,1,1,1,1770,0,1,0,0,0,1900,1700,1700,1990,1691.9583333333333,1790.0833333333333,1797.75,1810.5,1801.0
20130614,-4.23,0.28,-4.23,-2.25,2360,5800.0,87.85,0.0,0.25,1,1,1,1616,0,1,0,0,0,1735,1700,1700,1780,1686.5833333333333,1788.0833333333333,1790.25,1806.5,1829.0
20130613,-3.9,-1.11,-3.9,-1.11,40,-99.15,0.0,0.0,0.0,1,1,1,1653,0,1,0,0,0,1775,1725,1725,1775,1682.4166666666667,1789.25,1790.25,1822.5,1837.0
20130612,-5.0,2.5,-5.0,-0.28,4680,-86.08,44.16,0.0,0.5,1,1,1,1672,0,1,0,0,0,1795,1710,1710,1845,1679.4583333333333,1789.5833333333333,1787.75,1823.5,1815.0
20130611,14.71,14.71,-12.5,-11.76,33610,135.36,20.99,0.0,3.61,1,1,1,1677,0,1,0,0,0,1800,2340,1785,2340,1678.4166666666667,1790.0,1786.75,1826.0,1819.0
20130610,-0.28,14.93,-3.66,14.93,14280,7833.33,98.3,0.0,1.53,1,1,1,1900,0,1,0,0,0,2040,1770,1710,2040,1675.5416666666667,1790.25,1785.5,1825.5,1820.0
20130607,2.7,6.61,0.9,6.61,180,-90.0,275.0,0.0,0.02,1,1,1,1653,0,1,0,0,0,1775,1710,1680,1775,1669.125,1786.0833333333333,1768.75,1801.5,1784.0
20130605,-0.83,1.38,-8.26,-8.26,1800,-78.13,34.65,0.0,0.19,1,1,1,1551,0,1,0,0,0,1665,1800,1665,1840,1665.1666666666667,1786.3333333333333,1768.0,1798.5,1808.0
20130604,1.11,1.66,-3.05,0.55,8230,1907.32,59.3,0.0,0.88,1,1,1,1691,0,1,0,0,0,1815,1825,1750,1835,1662.125,1788.1666666666667,1770.0,1806.5,1832.0
20130603,-0.27,-0.27,-3.76,-2.96,410,-74.21,457.14,0.0,0.04,1,1,1,1681,0,1,0,0,0,1805,1855,1790,1855,1657.8333333333333,1787.1666666666667,1765.0,1794.0,1833.0
20130531,2.9,2.9,-4.22,-1.85,1590,-70.34,3.09,0.0,0.17,1,1,1,1733,0,1,0,0,0,1860,1950,1815,1950,1653.8333333333333,1785.0833333333333,1764.75,1785.0,1831.0
20130530,-1.96,12.04,-1.96,6.16,5360,-2.37,85.48,0.0,0.58,1,1,1,1765,0,1,0,0,0,1895,1750,1750,2000,1649.375,1782.5,1762.5,1774.0,1819.0
20130529,0.0,0.27,-1.92,-1.92,5490,417.92,170.3,0.0,0.59,1,1,1,1663,0,1,0,0,0,1785,1820,1785,1825,1644.4166666666667,1778.25,1760.0,1758.0,1789.0
20130528,5.57,5.57,-0.84,1.39,1060,-75.91,5150.0,0.0,0.11,1,1,1,1695,0,1,0,0,0,1820,1895,1780,1895,1640.2916666666667,1775.9166666666667,1762.5,1752.0,1781.0
20130527,0.56,0.83,-2.78,-0.28,4400,17.33,43.14,0.0,0.47,1,1,1,1672,0,1,0,0,0,1795,1810,1750,1815,1636.0,1773.0,1763.25,1747.5,1755.0
20130524,2.58,8.02,0.0,3.15,3750,1193.1,41.98,0.0,0.4,1,1,1,1677,0,1,0,0,0,1800,1790,1745,1885,1632.7083333333333,1771.1666666666667,1769.75,1745.5,1739.0
20130523,2.01,5.73,-0.86,0.0,290,-97.29,21.74,0.0,0.03,1,1,1,1626,0,1,0,0,0,1745,1780,1730,1845,1628.9166666666667,1769.1666666666667,1774.25,1736.0,1729.0
20130522,0.59,3.85,0.59,3.25,10690,-2.91,66.56,0.0,1.15,1,1,1,1626,0,1,0,0,0,1745,1700,1700,1755,1625.625,1768.0833333333333,1780.75,1737.5,1727.0
20130521,3.21,4.08,-3.79,-1.46,11010,766.93,30.91,0.0,1.18,1,1,1,1574,0,1,0,0,0,1690,1770,1650,1785,1622.0,1767.0833333333333,1786.75,1733.5,1723.0
20130520,-2.57,0.29,-2.57,-2.0,1270,-63.19,47.06,0.0,0.14,1,1,1,1598,0,1,0,0,0,1715,1705,1705,1755,1618.9166666666667,1766.5833333333333,1796.25,1736.0,1740.0
20130516,1.44,8.93,-1.44,0.86,3450,11400.0,27.88,0.0,0.37,1,1,1,1630,0,1,0,0,0,1750,1760,1710,1890,1616.375,1766.0833333333333,1802.5,1744.5,1752.0
20130515,2.61,2.61,-2.61,0.58,30,-75.0,0.0,0.0,0.0,1,1,1,1616,0,1,0,0,0,1735,1770,1680,1770,1613.4583333333333,1764.4166666666667,1806.75,1751.0,1743.0
20130514,-0.28,-0.28,-3.66,-2.82,120,-63.96,166.67,0.0,0.01,1,1,1,1607,0,1,0,0,0,1725,1770,1710,1770,1610.6666666666667,1763.0833333333333,1810.75,1762.0,1748.0
20130513,-0.28,0.0,-4.23,0.0,333,177.5,77.78,0.0,0.04,1,1,1,1653,0,1,0,0,0,1775,1770,1700,1775,1607.875,1761.9166666666667,1815.5,1773.0,1744.0
20130510,1.47,4.11,1.47,4.11,120,-65.71,0.0,0.0,0.01,1,1,1,1653,0,1,0,0,0,1775,1730,1730,1775,1604.5416666666667,1760.0833333333333,1817.5,1779.0,1732.0
20130509,-0.28,0.85,-3.12,-3.12,350,1066.67,55.56,0.0,0.04,1,1,1,1588,0,1,0,0,0,1705,1755,1705,1775,1601.4166666666667,1758.0833333333333,1819.25,1794.0,1737.0
20130508,0.0,3.23,0.0,3.23,30,-99.56,0.0,0.0,0.0,1,1,1,1640,0,1,0,0,0,1760,1705,1705,1760,1598.9583333333333,1757.25,1827.75,1812.5,1759.0
20130507,0.29,2.33,-2.62,-0.58,6781,-30.38,60.95,0.0,0.73,1,1,1,1588,0,1,0,0,0,1705,1720,1670,1755,1596.0833333333333,1756.6666666666667,1824.75,1824.0,1776.0
20130506,-14.72,0.28,-14.72,-4.72,9740,739.66,154.46,0.0,1.05,1,1,1,1598,0,1,0,0,0,1715,1535,1535,1805,1593.7083333333333,1757.0833333333333,1823.5,1840.0,1802.0
20130503,-1.38,1.65,-1.38,-0.83,1160,544.44,43.75,0.0,0.12,1,1,1,1677,0,1,0,0,0,1800,1790,1790,1845,1591.3333333333333,1757.6666666666667,1822.25,1856.5,1826.0
20130502,-2.44,0.54,-2.44,-1.63,180,-96.86,183.33,0.0,0.02,1,1,1,1691,0,1,0,0,0,1815,1800,1800,1855,1588.2083333333333,1756.5,1816.75,1860.5,1851.0
20130430,14.99,14.99,-1.36,0.54,5740,583.33,21.82,0.0,0.62,1,1,1,1719,0,1,0,0,0,1845,2110,1810,2110,1584.9166666666667,1755.5,1812.5,1862.5,1866.0
20130429,0.82,1.91,-3.54,0.0,840,-91.36,426.67,0.0,0.09,1,1,1,1709,0,1,0,0,0,1835,1850,1770,1870,1581.4583333333333,1755.4166666666667,1804.0,1859.5,1872.0
20130426,0.78,11.17,-5.45,-4.68,9720,1017.24,74.95,0.0,1.04,1,1,1,1709,0,1,0,0,0,1835,1940,1820,2140,1578.0833333333333,1754.9166666666667,1800.5,1858.0,1878.0
20130425,0.53,2.65,0.26,1.85,870,-53.97,418.75,0.0,0.09,1,1,1,1793,0,1,0,0,0,1925,1900,1895,1940,1574.625,1757.5833333333333,1797.5,1856.0,1887.0
20130424,0.8,2.67,-0.27,0.8,1890,397.37,55.56,0.0,0.2,1,1,1,1761,0,1,0,0,0,1890,1890,1870,1925,1570.375,1754.4166666666667,1787.0,1844.5,1870.0
20130423,0.8,2.68,0.0,0.54,380,-58.74,50.0,0.0,0.04,1,1,1,1747,0,1,0,0,0,1875,1880,1865,1915,1566.2083333333333,1751.75,1783.75,1843.0,1859.0
20130422,0.0,0.53,-1.33,-0.8,921,85.31,13.7,0.0,0.1,1,1,1,1737,0,1,0,0,0,1865,1880,1855,1890,1562.8333333333333,1749.0833333333333,1774.25,1825.5,1847.0
20130419,0.82,2.72,0.54,2.17,497,-87.13,42.42,0.0,0.05,1,-1,1,1751,0,1,0,0,0,1880,1855,1850,1890,1559.5833333333333,1746.0833333333333,1768.0,1807.0,1838.0
20130418,0.0,2.72,-1.36,0.27,3862,30.47,175.54,0.0,0.41,1,-1,1,1714,0,1,0,0,0,1840,1835,1810,1885,1556.25,1742.8333333333333,1770.0,1788.0,1825.0
20130417,0.0,1.93,-0.83,1.1,2960,886.67,121.8,0.0,0.32,1,1,1,1709,0,1,0,0,0,1835,1815,1800,1850,1553.0,1743.9166666666667,1770.0,1773.0,1819.0
20130416,-0.27,0.82,-1.1,-0.27,300,-93.04,75.0,0.0,0.03,1,1,1,1691,0,1,0,0,0,1815,1815,1800,1835,1549.5833333333333,1741.0,1767.25,1762.5,1827.0
20130415,0.55,9.64,-1.65,0.28,4310,99.54,46.35,0.0,0.46,1,1,1,1695,0,1,0,0,0,1820,1825,1785,1990,1547.9583333333333,1734.8333333333333,1766.75,1748.5,1804.0
20130412,1.93,4.14,-0.55,0.28,2160,-66.3,76.67,0.0,0.23,1,1,1,1691,0,1,0,0,0,1815,1845,1800,1885,1546.125,1728.0,1765.5,1743.0,1776.0
20130411,0.0,14.67,-4.0,-3.47,6410,-50.88,74.93,0.0,0.69,1,1,1,1686,0,1,0,0,0,1810,1875,1800,2150,1543.5,1721.75,1765.75,1739.0,1751.0
20130410,0.59,11.18,0.59,10.29,13050,-18.19,123.02,0.0,1.4,1,1,1,1747,0,1,0,0,0,1875,1710,1710,1890,1541.9166666666667,1714.1666666666667,1766.0,1729.5,1727.0
20130409,0.0,13.1,0.0,1.19,15952,15852.0,102.13,0.0,1.71,1,-1,1,1584,0,1,0,0,0,1700,1680,1680,1900,1539.4583333333333,1705.5,1761.75,1724.5,1698.0
20130408,-0.59,-0.59,-0.59,-0.59,100,-29.58,0.0,0.0,0.01,1,1,1,1565,0,1,0,0,0,1680,1680,1680,1680,1538.25,1698.3333333333333,1766.25,1723.0,1693.0
20130405,0.59,0.59,0.0,0.0,142,-59.43,0.0,0.0,0.02,1,-1,1,1574,0,1,0,0,0,1690,1700,1690,1700,1537.1666666666667,1691.75,1771.0,1729.0,1710.0
20130404,-2.31,-2.31,-2.31,-2.31,350,-86.69,0.0,0.0,0.04,1,1,1,1574,0,1,0,0,0,1690,1690,1690,1690,1535.5,1684.0,1774.25,1752.0,1727.0
20130403,0.6,14.93,0.3,3.28,2630,160.4,25.62,0.0,0.28,1,1,1,1612,0,1,0,0,0,1730,1685,1680,1925,1533.2916666666667,1677.3333333333333,1773.75,1767.0,1732.0
20130402,-0.57,-0.57,-5.67,-5.1,1010,18.82,23.94,0.0,0.11,1,1,1,1560,0,1,0,0,0,1675,1755,1665,1755,1531.4583333333333,1669.8333333333333,1772.5,1772.0,1751.0
20130401,-2.25,1.41,-5.63,-0.56,850,6.25,29.41,0.0,0.09,1,1,1,1644,0,1,0,0,0,1765,1735,1675,1800,1530.6666666666667,1663.25,1770.75,1785.0,1753.0
20130329,0.58,4.37,0.0,3.5,800,-79.49,42.31,0.0,0.09,1,1,1,1653,0,1,0,0,0,1775,1725,1715,1790,1528.7083333333333,1655.4166666666667,1764.75,1788.0,1748.0
20130328,-2.47,7.95,-6.03,-6.03,3900,15.73,81.99,0.0,0.42,1,1,1,1598,0,1,0,0,0,1715,1780,1715,1970,1526.5,1647.8333333333333,1758.25,1792.5,1777.0
20130327,-0.3,8.31,-0.3,8.31,3370,4.33,118.67,0.0,0.36,1,1,1,1700,0,1,0,0,0,1825,1680,1680,1825,1524.7083333333333,1641.1666666666667,1756.75,1802.5,1802.0
20130326,-2.87,-0.29,-4.31,-3.16,3230,-77.55,51.0,0.0,0.35,1,1,1,1570,0,1,0,0,0,1685,1690,1665,1735,1523.5833333333333,1631.8333333333333,1749.5,1799.0,1793.0
20130325,-6.25,-4.69,-12.24,-9.38,14390,-71.06,61.12,0.0,1.54,1,1,1,1621,0,1,0,0,0,1740,1800,1685,1830,1523.5,1624.25,1749.25,1809.5,1817.0
20130322,-2.17,14.95,-2.17,4.35,49730,497200.0,90.06,0.0,5.34,1,1,-1,1789,0,1,0,0,0,1920,1800,1800,2115,1522.7083333333333,1615.9166666666667,1746.5,1813.0,1828.0
20130321,3.37,3.37,3.37,3.37,10,-97.67,0.0,0.0,0.0,1,1,1,1714,0,1,0,0,0,1840,1840,1840,1840,1520.875,1604.5833333333333,1733.5,1796.5,1808.0
20130320,1.94,1.94,-1.39,-1.39,430,-49.41,0.0,0.0,0.05,1,1,1,1658,0,1,0,0,0,1780,1840,1780,1840,1520.625,1593.8333333333333,1725.75,1780.5,1803.0
20130319,1.39,1.39,-1.95,0.56,850,-73.12,320.0,0.0,0.09,1,1,1,1681,0,1,0,0,0,1805,1820,1760,1820,1519.9583333333333,1585.0833333333333,1719.25,1773.0,1805.0
20130318,0.0,0.82,-3.57,-1.37,3162,125.86,54.68,0.0,0.34,1,1,1,1672,0,1,0,0,0,1795,1820,1755,1835,1518.75,1575.5833333333333,1711.75,1756.5,1802.0
20130315,0.0,1.38,-5.51,0.28,1400,1172.73,17.19,0.0,0.15,1,1,1,1695,0,1,0,0,0,1820,1815,1715,1840,1517.875,1569.3333333333333,1704.75,1741.5,1798.0
20130314,1.4,1.4,-0.28,1.4,110,-94.88,0.0,0.0,0.01,1,1,1,1691,0,1,0,0,0,1815,1815,1785,1815,1516.875,1566.8333333333333,1697.0,1724.0,1785.0
20130313,0.84,2.51,-2.51,0.0,2150,551.52,282.14,0.0,0.23,1,1,1,1667,0,1,0,0,0,1790,1805,1745,1835,1515.5416666666667,1560.8333333333333,1689.0,1711.0,1758.0
20130312,-6.48,0.85,-6.48,0.85,330,-94.92,21.05,0.0,0.04,1,1,1,1667,0,1,0,0,0,1790,1660,1660,1790,1513.5833333333333,1552.1666666666667,1682.25,1700.0,1741.0
20130311,-4.84,1.71,-4.84,1.14,6500,15.45,2.37,0.0,0.7,1,1,1,1653,0,1,0,0,0,1775,1670,1670,1785,1510.75,1544.0,1679.0,1689.0,1711.0
20130308,1.19,4.76,-1.49,4.46,5630,4591.67,15.16,0.0,0.6,1,1,1,1635,0,1,0,0,0,1755,1700,1655,1760,1507.5,1536.0833333333333,1676.75,1680.0,1685.0
20130307,-0.29,-0.29,-1.47,-1.47,120,-96.93,0.0,0.0,0.01,1,1,1,1565,0,1,0,0,0,1680,1700,1680,1700,1504.5833333333333,1528.5,1676.5,1670.5,1663.0
20130306,-0.3,3.96,-0.61,3.96,3910,101.55,122.86,0.0,0.42,1,1,1,1588,0,1,0,0,0,1705,1635,1630,1705,1502.7083333333333,1522.5833333333333,1679.0,1671.0,1664.0
20130305,-3.95,0.3,-3.95,-0.3,1940,-5.83,9.41,0.0,0.21,1,1,1,1528,0,1,0,0,0,1640,1580,1580,1650,1500.5833333333333,1516.25,1681.5,1665.5,1659.0
20130304,-0.3,0.91,-3.95,0.0,2060,198.55,277.78,0.0,0.22,1,1,1,1532,0,1,0,0,0,1645,1640,1580,1660,1499.0,1510.5833333333333,1691.5,1667.0,1667.0
20130228,-2.08,-2.08,-4.75,-2.37,690,-32.35,4.76,0.0,0.07,1,1,1,1532,0,1,0,0,0,1645,1650,1605,1650,1497.4166666666667,1504.6666666666667,1699.5,1668.0,1675.0
20130227,0.0,5.36,-2.98,0.3,1020,1033.33,44.29,0.0,0.11,1,1,1,1570,0,1,0,0,0,1685,1680,1630,1770,1495.6666666666667,1499.0,1717.0,1670.0,1678.0
20130226,0.0,0.0,0.0,0.0,90,-83.33,0.0,0.0,0.01,1,1,1,1565,0,1,0,0,0,1680,1680,1680,1680,1493.5416666666667,1494.25,1719.5,1667.0,1678.0
20130225,5.04,5.04,-1.48,-0.3,540,-86.76,20.45,0.0,0.06,1,1,1,1565,0,1,0,0,0,1680,1770,1660,1770,1490.6666666666667,1488.6666666666667,1722.0,1664.5,1672.0
20130222,0.6,1.51,-1.81,1.51,4080,170.2,2276.47,0.0,0.44,1,1,1,1570,0,1,0,0,0,1685,1670,1630,1685,1488.4166666666667,1483.1666666666667,1723.75,1669.0,1667.0
20130221,5.64,5.64,-2.97,-1.48,1510,-75.04,116.42,0.0,0.16,1,1,1,1546,0,1,0,0,0,1660,1780,1635,1780,1486.2083333333333,1476.9166666666667,1723.75,1673.5,1661.0
20130220,6.97,7.27,-0.3,2.12,6050,9983.33,51.57,0.0,0.65,1,1,1,1570,0,1,0,0,0,1685,1765,1645,1770,1484.375,1471.25,1725.0,1682.5,1662.0
20130219,1.51,4.53,-0.3,-0.3,60,-60.0,25.0,0.0,0.01,1,1,1,1537,0,1,0,0,0,1650,1680,1650,1730,1481.75,1466.6666666666667,1736.0,1687.0,1656.0
20130218,6.95,6.95,-0.91,0.0,150,-95.47,600.0,0.0,0.02,1,1,1,1542,0,1,0,0,0,1655,1770,1640,1770,1479.125,1462.5,1736.5,1697.5,1657.0
20130215,0.0,0.9,-4.5,-0.6,3310,-73.41,89.02,0.0,0.36,1,1,1,1542,0,1,0,0,0,1655,1665,1590,1680,1477.0416666666667,1458.25,1726.0,1716.0,1671.0
20130214,-0.6,1.21,-4.83,0.6,12450,398.4,373.85,0.0,1.34,1,1,1,1551,0,1,0,0,0,1665,1645,1575,1675,1474.4583333333333,1453.8333333333333,1713.75,1731.0,1686.0
20130213,3.32,3.93,0.0,0.0,2498,-88.74,113.59,0.0,0.27,1,1,1,1542,0,1,0,0,0,1655,1710,1655,1720,1471.6666666666667,1449.0,1702.5,1764.0,1703.0
20130212,4.35,14.78,-12.75,-4.06,22180,1473.05,57.63,0.0,2.38,1,1,1,1542,0,1,0,0,0,1655,1800,1505,1980,1468.8333333333333,1444.75,1687.5,1772.0,1718.0
20130208,0.58,6.94,-0.58,-0.29,1410,-68.03,28.97,0.0,0.15,1,1,1,1607,0,1,0,0,0,1725,1740,1720,1850,1465.9583333333333,1440.6666666666667,1672.5,1779.5,1738.0
20130207,5.71,5.71,-2.57,-1.14,4410,-45.96,53.51,0.0,0.47,1,1,1,1612,0,1,0,0,0,1730,1850,1705,1850,1462.5833333333333,1435.5,1649.75,1778.5,1761.0
20130206,0.29,5.2,-1.73,1.16,8160,33.99,75.44,0.0,0.88,1,1,1,1630,0,1,0,0,0,1750,1735,1700,1820,1459.25,1430.3333333333333,1627.5,1774.0,1776.0
20130205,-3.99,8.83,-3.99,-1.42,6090,81.25,35.42,0.0,0.65,1,1,1,1612,0,1,0,0,0,1730,1685,1685,1910,1455.2916666666667,1425.0,1601.25,1767.5,1825.0
20130204,-0.82,-0.82,-11.41,-4.62,3360,-57.24,45.76,0.0,0.36,1,-1,1,1635,0,1,0,0,0,1755,1825,1630,1825,1451.5416666666667,1419.9166666666667,1579.25,1785.0,1826.0
20130201,0.83,6.37,-0.83,1.94,7858,-65.69,31.86,0.0,0.84,1,1,1,1714,0,1,0,0,0,1840,1820,1790,1920,1447.5416666666667,1414.3333333333333,1555.5,1775.5,1821.0
20130131,-6.27,-1.75,-12.03,-9.52,22904,-19.27,52.59,0.0,2.46,1,1,1,1681,0,1,0,0,0,1805,1870,1755,1960,1444.7083333333333,1407.5,1527.5,1736.0,1796.0
20130130,0.29,14.99,0.0,14.99,28370,112.51,248.4,0.0,3.05,1,-1,1,1858,0,1,0,0,0,1995,1740,1735,1995,1441.25,1401.25,1502.0,1696.5,1772.0
20130129,-2.6,10.69,-3.18,0.29,13350,245.85,38.07,0.0,1.43,1,1,1,1616,0,1,0,0,0,1735,1685,1675,1915,1435.7916666666667,1391.6666666666667,1468.25,1641.0,1710.0
20130128,8.45,8.45,-2.62,0.87,3860,-63.55,32.3,0.0,0.41,1,1,1,1612,0,1,0,0,0,1730,1860,1670,1860,1432.7916666666667,1386.3333333333333,1447.25,1603.0,1744.0
20130125,5.64,5.64,-6.82,1.78,10590,-44.96,196.33,0.0,1.14,1,1,1,1598,0,1,0,0,0,1715,1780,1570,1780,1429.875,1380.6666666666667,1424.0,1565.5,1730.0
20130124,-0.3,3.86,-9.5,0.0,19240,-84.7,58.23,0.0,2.07,1,1,1,1570,0,1,0,0,0,1685,1680,1525,1750,1427.1666666666667,1376.5833333333333,1399.75,1521.0,1676.0
20130123,-10.76,4.99,-12.86,-11.55,125730,151.7,63.1,0.0,13.5,1,1,1,1570,0,1,0,0,0,1685,1700,1660,2000,1424.375,1373.0833333333333,1377.5,1481.0,1621.0
20130122,14.76,14.76,2.11,14.76,49952,164.58,78.38,0.0,5.36,1,1,1,1775,0,1,0,0,0,1905,1905,1695,1905,1422.125,1369.6666666666667,1355.25,1435.0,1572.0
20130121,14.88,14.88,14.88,14.88,18880,1239.01,0.0,0.0,2.03,1,1,1,1546,0,1,0,0,0,1660,1660,1660,1660,1417.4166666666667,1362.0833333333333,1319.75,1373.5,1462.0
20130118,2.84,4.26,-3.19,2.48,1410,-94.16,400.0,0.0,0.15,1,1,1,1346,0,1,0,0,0,1445,1450,1365,1470,1414.5,1358.1666666666667,1299.5,1335.5,1401.0
20130117,-0.35,9.72,-7.29,-2.08,24160,-26.94,190.27,0.0,2.59,1,1,1,1313,0,1,0,0,0,1410,1435,1335,1580,1413.375,1361.0833333333333,1289.0,1319.0,1366.0
20130116,1.85,11.07,-2.58,6.27,33070,2163.52,81.95,0.0,3.55,1,1,1,1341,0,1,0,0,0,1440,1380,1320,1505,1413.2916666666667,1364.25,1289.5,1307.5,1341.0
20130115,-3.32,1.85,-4.06,0.0,1461,-84.12,16.0,0.0,0.16,1,1,1,1262,0,1,0,0,0,1355,1310,1300,1380,1413.0,1365.25,1301.0,1295.5,1298.0
20130114,2.36,7.48,-1.57,6.69,9201,175.48,68.93,0.0,0.99,1,1,1,1262,0,1,0,0,0,1355,1300,1250,1365,1413.3333333333333,1369.6666666666667,1306.0,1291.5,1285.0
20130111,0.0,1.17,-2.72,-1.17,3340,-56.45,7.02,0.0,0.36,1,1,1,1183,0,1,0,0,0,1270,1285,1250,1300,1413.5833333333333,1373.4166666666667,1301.75,1282.5,1270.0
20130110,2.86,9.8,1.22,4.9,7670,-87.35,95.38,0.0,0.82,1,1,1,1197,0,1,0,0,0,1285,1260,1240,1345,1414.5416666666667,1378.1666666666667,1303.25,1278.5,1272.0
20130109,4.26,14.73,-5.04,-5.04,60652,8690.14,46.4,0.0,6.51,1,1,1,1141,0,1,0,0,0,1225,1345,1225,1480,1415.0833333333333,1382.5833333333333,1304.0,1274.0,1274.0
20130108,3.12,6.64,-1.17,0.78,690,-64.8,103.12,0.0,0.07,1,1,1,1202,0,1,0,0,0,1290,1320,1265,1365,1416.0833333333333,1387.0,1307.75,1275.5,1293.0
20130107,-0.39,0.0,-4.3,0.0,1960,-53.34,200.0,0.0,0.21,1,1,1,1192,0,1,0,0,0,1280,1275,1225,1280,1416.6666666666667,1389.25,1309.5,1266.0,1298.0
20130104,-3.86,-1.16,-6.56,-1.16,4201,-13.2,111.62,0.0,0.45,1,1,1,1192,0,1,0,0,0,1280,1245,1210,1280,1417.0,1393.0833333333333,1311.75,1263.5,1295.0
20130103,0.0,1.52,-8.33,-1.89,4840,336.04,62.81,0.0,0.52,1,1,1,1206,0,1,0,0,0,1295,1320,1210,1340,1417.7916666666667,1398.0833333333333,1312.75,1259.0,1285.0
20130102,1.14,1.14,-2.28,0.38,1110,-51.32,395.0,0.0,0.12,1,1,1,1230,0,1,0,0,0,1320,1330,1285,1330,1418.8333333333333,1402.0,1312.5,1271.5,1274.0
20121228,-0.79,3.95,-2.77,3.95,2280,181.48,1561.54,0.0,0.24,1,1,1,1225,0,1,0,0,0,1315,1255,1230,1315,1419.5,1405.1666666666667,1311.75,1306.5,1258.0
20121227,4.88,4.88,0.0,2.85,810,-33.61,433.33,0.0,0.09,1,1,1,1178,0,1,0,0,0,1265,1290,1230,1290,1420.3333333333333,1408.25,1316.0,1320.5,1234.0
20121226,-0.81,4.44,-1.61,-0.81,1220,-17.01,612.5,0.0,0.13,1,1,1,1146,0,1,0,0,0,1230,1230,1220,1295,1421.0416666666667,1415.3333333333333,1320.0,1321.0,1232.0
20121224,1.21,1.21,-3.23,0.0,1470,-8.12,113.56,0.0,0.16,1,1,1,1155,0,1,0,0,0,1240,1255,1200,1255,1422.0416666666667,1422.75,1326.0,1328.0,1233.0
20121221,5.86,5.86,-0.42,3.77,1600,-84.09,88.1,0.0,0.17,1,1,1,1155,0,1,0,0,0,1240,1265,1190,1265,1422.9583333333333,1429.5,1329.5,1334.0,1269.0
20121220,0.8,1.59,-4.78,-4.78,10055,-68.3,22.93,0.0,1.08,1,1,-1,1113,0,1,0,0,0,1195,1265,1195,1275,1424.1666666666667,1437.1666666666667,1333.5,1340.0,1355.0
20121218,0.81,1.62,-6.48,1.62,31722,-31.14,51.12,0.0,3.41,1,1,1,1169,0,1,0,0,0,1255,1245,1155,1255,1425.75,1447.4166666666667,1344.25,1353.0,1407.0
20121217,-3.87,-3.87,-14.44,-13.03,46070,-19.35,37.95,0.0,4.95,1,1,1,1150,0,1,0,0,0,1235,1365,1215,1365,1425.75,1454.8333333333333,1351.5,1360.0,1410.0
20121214,-12.87,-6.89,-14.97,-14.97,57120,27.75,37.14,0.0,6.13,1,1,-1,1323,0,1,0,0,0,1420,1455,1420,1555,1426.125,1461.9166666666667,1359.75,1366.5,1423.0
20121213,9.97,14.78,7.22,14.78,44711,46.19,76.01,0.0,4.8,1,-1,1,1556,0,1,0,0,0,1670,1600,1560,1670,1425.125,1466.4166666666667,1358.25,1353.5,1399.0
20121212,0.0,14.96,-4.72,14.57,30585,1108.89,1637.71,0.0,3.28,1,1,1,1355,0,1,0,0,0,1455,1270,1210,1460,1422.0416666666667,1466.9166666666667,1343.5,1317.0,1325.0
20121211,-0.77,-0.77,-2.31,-2.31,2530,1000.0,17.45,0.0,0.27,1,1,1,1183,0,1,0,0,0,1270,1290,1270,1290,1421.0416666666667,1470.25,1340.75,1311.5,1299.0
20121210,3.85,3.85,-11.15,0.0,230,0.0,15.79,0.0,0.02,1,1,1,1211,0,1,0,0,0,1300,1350,1155,1350,1421.0416666666667,1475.0,1347.75,1319.0,1310.0
20121207,0.0,0.0,0.0,0.0,0,-100.0,0.0,0.0,0.0,1,1,1,1211,0,1,0,0,0,1300,1300,1300,1300,1420.9583333333333,1477.5,1353.5,1324.0,1310.0
20121206,0.75,0.75,-1.89,-1.89,360,111.76,0.0,0.0,0.04,1,1,1,1211,0,1,0,0,0,1300,1335,1300,1335,1420.9583333333333,1478.9166666666667,1359.5,1325.0,1308.0
20121205,3.4,3.4,-1.89,0.0,170,88.89,0.0,0.0,0.02,1,1,1,1234,0,1,0,0,0,1325,1370,1300,1370,1421.2083333333333,1480.6666666666667,1366.0,1327.0,1309.0
20121204,2.31,2.31,-3.85,1.92,90,-89.66,16.67,0.0,0.01,1,1,1,1234,0,1,0,0,0,1325,1330,1250,1330,1421.1666666666667,1482.8333333333333,1371.0,1335.5,1324.0
20121203,0.78,1.55,0.78,0.78,870,-25.83,72.0,0.0,0.09,1,1,1,1211,0,1,0,0,0,1300,1300,1300,1310,1421.25,1484.9166666666667,1375.75,1343.0,1328.0
20121130,0.0,2.68,-2.3,-1.15,1173,-28.08,141.67,0.0,0.13,1,1,1,1202,0,1,0,0,0,1290,1305,1275,1340,1421.75,1487.4166666666667,1382.25,1353.0,1338.0
20121129,-6.07,-1.43,-11.79,-6.79,1631,379.71,38.2,0.0,0.18,1,1,1,1216,0,1,0,0,0,1305,1315,1235,1380,1422.125,1490.1666666666667,1389.25,1363.0,1342.0
20121128,1.49,4.09,-3.35,4.09,340,385.71,1550.0,0.0,0.04,1,1,1,1304,0,1,0,0,0,1400,1365,1300,1400,1422.4166666666667,1492.3333333333333,1395.0,1370.0,1345.0
20121127,-2.22,-0.37,-2.22,-0.37,70,0.0,20.0,0.0,0.01,1,1,1,1253,0,1,0,0,0,1345,1320,1320,1345,1421.6666666666667,1492.8333333333333,1395.75,1370.0,1347.0
20121126,0.76,3.05,0.76,3.05,70,250.0,100.0,0.0,0.01,1,1,1,1258,0,1,0,0,0,1350,1320,1320,1350,1421.2916666666667,1492.6666666666667,1398.0,1376.5,1358.0
20121123,-0.76,-0.76,-0.76,-0.76,20,-91.11,0.0,0.0,0.0,1,1,1,1220,0,1,0,0,0,1310,1310,1310,1310,1421.0,1493.6666666666667,1404.0,1383.0,1368.0
20121122,-6.74,-0.71,-6.74,-6.38,225,650.0,0.0,0.0,0.02,1,1,1,1230,0,1,0,0,0,1320,1315,1315,1400,1421.1666666666667,1495.5,1412.25,1394.0,1384.0
20121121,0.0,0.71,0.0,0.71,30,200.0,0.0,0.0,0.0,1,1,1,1313,0,1,0,0,0,1410,1400,1400,1410,1421.4166666666667,1497.5,1420.25,1405.0,1395.0
20121120,0.0,0.0,0.0,0.0,10,-50.0,0.0,0.0,0.0,1,1,1,1304,0,1,0,0,0,1400,1400,1400,1400,1420.7083333333333,1496.8333333333333,1422.25,1406.5,1393.0
20121119,0.72,0.72,0.72,0.72,20,-95.45,0.0,0.0,0.0,1,1,1,1304,0,1,0,0,0,1400,1400,1400,1400,1420.25,1495.75,1423.5,1408.5,1395.0
20121116,0.0,1.09,0.0,1.09,440,-35.29,0.0,0.0,0.05,1,1,1,1295,0,1,0,0,0,1390,1375,1375,1390,1419.4583333333333,1495.8333333333333,1434.5,1411.5,1398.0
20121115,-1.43,-1.43,-6.43,-1.79,680,0.0,1150.0,0.0,0.07,1,1,1,1281,0,1,0,0,0,1375,1380,1310,1380,1419.0,1495.0833333333333,1445.0,1415.5,1404.0
20121114,-0.71,-0.71,-0.71,-0.71,0,-100.0,0.0,0.0,0.0,1,1,1,1304,0,1,0,0,0,1400,1400,1400,1400,1420.625,1494.3333333333333,1451.25,1420.0,1415.0
20121113,-0.35,-0.35,-0.35,-0.35,300,0.0,0.0,0.0,0.03,1,1,1,1313,0,1,0,0,0,1410,1410,1410,1410,1423.5833333333333,1492.9166666666667,1462.25,1421.5,1420.0
20121112,-0.35,-0.35,-0.35,-0.35,0,-100.0,0.0,0.0,0.0,1,1,1,1318,0,1,0,0,0,1415,1415,1415,1415,1425.8333333333333,1491.25,1470.75,1419.5,1422.0
20121109,-2.1,-0.7,-2.1,-0.7,330,1550.0,0.0,0.0,0.04,1,1,1,1323,0,1,0,0,0,1420,1400,1400,1420,1428.2083333333333,1489.6666666666667,1477.75,1425.0,1425.0
20121108,0.0,0.35,0.0,0.35,20,100.0,0.0,0.0,0.0,1,1,1,1332,0,1,0,0,0,1430,1425,1425,1430,1431.625,1488.1666666666667,1484.25,1430.5,1427.0
20121107,0.35,0.35,0.35,0.35,10,0.0,0.0,0.0,0.0,1,1,1,1327,0,1,0,0,0,1425,1425,1425,1425,1433.5,1485.5833333333333,1487.25,1435.5,1425.0
20121106,-0.7,-0.7,-0.7,-0.7,0,-100.0,0.0,0.0,0.0,1,1,1,1323,0,1,0,0,0,1420,1420,1420,1420,1435.3333333333333,1483.1666666666667,1487.25,1438.0,1423.0
20121105,0.7,0.7,-2.1,0.0,480,4700.0,2.17,0.0,0.05,1,1,1,1332,0,1,0,0,0,1430,1440,1400,1440,1437.8333333333333,1480.75,1491.75,1438.5,1417.0
20121102,0.7,0.7,0.7,0.7,10,-96.15,0.0,0.0,0.0,1,1,1,1332,0,1,0,0,0,1430,1430,1430,1430,1440.1666666666667,1481.9166666666667,1499.25,1457.5,1425.0
20121101,0.0,0.35,0.0,0.35,260,23.81,0.0,0.0,0.03,1,1,1,1323,0,1,0,0,0,1420,1415,1415,1420,1443.0,1481.25,1504.25,1474.5,1434.0
20121031,0.36,1.8,0.36,1.8,210,600.0,0.0,0.0,0.02,1,1,1,1318,0,1,0,0,0,1415,1395,1395,1415,1445.25,1479.9166666666667,1508.75,1482.5,1446.0
20121030,-0.34,-0.34,-5.44,-5.44,30,0.0,0.0,0.0,0.0,1,1,1,1295,0,1,0,0,0,1390,1465,1390,1465,1446.7916666666667,1479.25,1513.0,1503.0,1453.0
20121029,-0.34,-0.34,-0.34,-0.34,0,-100.0,0.0,0.0,0.0,1,1,1,1369,0,1,0,0,0,1470,1470,1470,1470,1448.9583333333333,1479.0833333333333,1528.0,1522.0,1460.0
20121026,-1.35,-0.34,-4.73,-0.34,410,-30.51,21.88,0.0,0.04,1,1,1,1374,0,1,0,0,0,1475,1460,1410,1475,1450.8333333333333,1477.75,1538.25,1530.5,1490.0
20121025,-0.69,2.07,-4.14,2.07,590,2850.0,25.58,0.0,0.06,1,1,1,1379,0,1,0,0,0,1480,1440,1390,1480,1452.75,1475.6666666666667,1546.75,1538.0,1515.0
20121024,1.4,1.75,1.4,1.75,20,-99.22,0.0,0.0,0.0,1,1,1,1351,0,1,0,0,0,1450,1445,1445,1450,1454.6666666666667,1474.5833333333333,1557.75,1539.0,1519.0
20121023,-10.19,-8.33,-12.96,-12.04,2568,0.0,72.73,0.0,0.28,1,1,1,1327,0,1,0,0,0,1425,1455,1410,1485,1456.7916666666667,1472.75,1575.75,1536.5,1553.0
20121022,1.25,1.25,1.25,1.25,0,-100.0,0.0,0.0,0.0,1,1,1,1509,0,1,0,0,0,1620,1620,1620,1620,1458.4583333333333,1470.8333333333333,1589.5,1545.0,1584.0
20121019,1.67,6.67,0.0,6.67,630,425.0,1966.67,0.0,0.07,1,1,1,1490,0,1,0,0,0,1600,1525,1500,1600,1458.5,1465.6666666666667,1591.5,1541.0,1571.0
20121018,-9.88,-7.41,-9.88,-7.41,120,71.43,66.67,0.0,0.01,1,1,1,1397,0,1,0,0,0,1500,1460,1460,1500,1459.5,1462.3333333333333,1596.0,1534.0,1561.0
20121017,5.7,5.7,-9.18,2.53,70,600.0,20.0,0.0,0.01,1,1,1,1509,0,1,0,0,0,1620,1670,1435,1670,1461.0833333333333,1460.75,1606.0,1535.0,1559.0
20121016,1.61,1.61,1.61,1.61,10,0.0,0.0,0.0,0.0,1,1,1,1472,0,1,0,0,0,1580,1580,1580,1580,1462.25,1457.0,1607.75,1523.0,1520.0
20121015,0.32,0.32,0.32,0.32,0,-100.0,0.0,0.0,0.0,1,1,1,1449,0,1,0,0,0,1555,1555,1555,1555,1463.4583333333333,1453.75,1606.5,1534.0,1506.0
20121012,-4.36,4.03,-4.36,4.03,50,-63.77,0.0,0.0,0.01,1,1,1,1444,0,1,0,0,0,1550,1425,1425,1550,1464.4583333333333,1450.9166666666667,1601.25,1546.0,1511.0
20121011,2.46,4.56,-1.75,4.56,138,-71.95,400.0,0.0,0.01,1,1,1,1388,0,1,0,0,0,1490,1460,1400,1490,1465.875,1447.5833333333333,1593.0,1555.5,1507.0
20121010,0.66,0.66,-5.63,-5.63,492,278.46,5.26,0.0,0.05,1,-1,1,1327,0,1,0,0,0,1425,1520,1425,1520,1469.7083333333333,1445.1666666666667,1588.75,1576.5,1511.0
20121009,1.27,1.27,-4.43,-4.43,130,1081.82,0.0,0.0,0.01,1,1,1,1407,0,1,0,0,0,1510,1600,1510,1600,1472.875,1444.0833333333333,1590.25,1615.0,1526.0
20121008,3.27,3.27,3.27,3.27,11,-99.67,0.0,0.0,0.0,1,1,1,1472,0,1,0,0,0,1580,1580,1580,1580,1474.9166666666667,1440.9166666666667,1587.25,1634.0,1562.0
20121005,-5.3,1.32,-7.28,1.32,3357,9773.53,3230.0,0.0,0.36,1,1,1,1425,0,1,0,0,0,1530,1430,1400,1530,1476.5833333333333,1437.5,1580.75,1642.0,1581.0
20121004,-5.33,0.67,-5.33,0.67,34,-98.96,0.0,0.0,0.0,1,-1,1,1407,0,1,0,0,0,1510,1420,1420,1510,1477.8333333333333,1435.6666666666667,1577.0,1658.0,1604.0
20121002,3.55,3.55,-12.72,-11.24,3260,6420.0,67.01,0.0,0.35,1,1,1,1397,0,1,0,0,0,1500,1750,1475,1750,1479.8333333333333,1433.8333333333333,1573.25,1677.0,1642.0
20120928,-6.87,1.19,-6.87,0.9,50,-72.22,0.0,0.0,0.01,1,1,1,1574,0,1,0,0,0,1690,1560,1560,1695,1481.9166666666667,1432.4166666666667,1569.75,1692.5,1704.0
20120927,0.0,3.34,-6.69,1.82,180,-67.91,142.86,0.0,0.02,1,1,1,1560,0,1,0,0,0,1675,1645,1535,1700,1482.4166666666667,1426.75,1552.0,1679.0,1706.0
20120926,0.0,0.59,-4.41,-3.24,561,75.31,45.95,0.0,0.06,1,1,1,1532,0,1,0,0,0,1645,1700,1625,1710,1483.3333333333333,1421.3333333333333,1538.75,1656.5,1703.0
20120925,-3.31,10.5,-8.84,-6.08,320,700.0,34.78,0.0,0.03,1,-1,1,1584,0,1,0,0,0,1700,1750,1650,2000,1484.0416666666667,1416.4166666666667,1527.5,1630.5,1712.0
20120924,7.35,7.35,6.47,6.47,40,-76.47,0.0,0.0,0.0,1,1,1,1686,0,1,0,0,0,1810,1825,1810,1825,1484.125,1411.1666666666667,1514.5,1601.0,1712.0
20120921,2.71,5.12,1.51,2.41,170,-89.82,0.0,0.0,0.02,1,1,1,1584,0,1,0,0,0,1700,1705,1685,1745,1483.9166666666667,1404.0833333333333,1492.5,1565.5,1681.0
20120920,0.59,0.59,-8.28,-1.78,1670,1291.67,260.87,0.0,0.18,1,1,1,1546,0,1,0,0,0,1660,1700,1550,1700,1484.5416666666667,1396.6666666666667,1474.25,1540.5,1652.0
20120919,-0.29,0.0,-1.18,-0.59,120,-97.72,1000.0,0.0,0.01,1,1,1,1574,0,1,0,0,0,1690,1695,1680,1700,1486.125,1390.3333333333333,1461.5,1519.5,1610.0
20120918,-3.32,3.02,-12.99,2.72,5270,109.13,319.51,0.0,0.57,1,1,1,1584,0,1,0,0,0,1700,1600,1440,1705,1487.8333333333333,1383.8333333333333,1444.25,1496.0,1549.0
20120917,0.32,12.22,-6.11,6.43,2520,3.79,76.87,0.0,0.27,1,1,1,1542,0,1,0,0,0,1655,1560,1460,1745,1489.0833333333333,1377.1666666666667,1425.75,1469.5,1490.0
20120914,-1.03,7.24,-4.83,7.24,2428,-67.51,106.03,0.0,0.26,1,1,1,1449,0,1,0,0,0,1555,1435,1380,1555,1490.7083333333333,1371.8333333333333,1408.75,1447.0,1450.0
20120913,0.72,5.05,0.36,4.69,7472,584.25,1913.51,0.0,0.8,1,1,1,1351,0,1,0,0,0,1450,1395,1390,1455,1492.75,1367.0833333333333,1396.5,1425.0,1429.0
20120912,1.07,1.07,-3.2,-1.42,1092,-20.87,18.89,0.0,0.12,1,1,1,1290,0,1,0,0,0,1385,1420,1360,1420,1495.6666666666667,1364.4166666666667,1390.0,1421.0,1429.0
20120911,-2.41,-1.72,-5.15,-3.44,1380,100.0,18.1,0.0,0.15,1,1,1,1309,0,1,0,0,0,1405,1420,1380,1430,1499.5833333333333,1363.0,1387.25,1424.5,1443.0
20120910,0.0,10.34,-5.17,0.34,690,-42.02,65.79,0.0,0.07,1,1,1,1355,0,1,0,0,0,1455,1450,1375,1600,1503.4583333333333,1361.75,1380.75,1428.0,1449.0
20120907,1.72,6.21,-5.17,0.0,1190,-58.54,143.75,0.0,0.13,1,1,1,1351,0,1,0,0,0,1450,1475,1375,1540,1506.8333333333333,1359.5,1372.0,1419.5,1444.0
20120906,-3.09,1.72,-4.81,-0.34,2870,96.58,398.25,0.0,0.31,1,1,1,1351,0,1,0,0,0,1450,1410,1385,1480,1509.8333333333333,1357.5833333333333,1363.25,1408.0,1421.0
20120905,-1.74,3.83,-2.09,1.39,1460,-74.39,130.16,0.0,0.16,1,1,1,1355,0,1,0,0,0,1455,1410,1405,1490,1512.75,1356.0833333333333,1365.75,1403.5,1413.0
20120904,-5.59,1.05,-6.29,0.35,5700,-11.41,994.23,0.0,0.61,1,1,1,1337,0,1,0,0,0,1435,1350,1340,1445,1515.8333333333333,1354.0833333333333,1362.5,1392.5,1406.0
20120903,1.12,7.12,-4.87,7.12,6434,10993.1,42.83,0.0,0.69,1,1,1,1332,0,1,0,0,0,1430,1350,1270,1430,1518.7083333333333,1352.5,1357.75,1382.0,1407.0
20120831,0.71,0.71,-5.32,-5.32,58,-83.43,100.0,0.0,0.01,1,1,1,1244,0,1,0,0,0,1335,1420,1335,1420,1521.375,1350.5,1355.0,1370.5,1395.0
20120830,-1.41,0.7,-2.11,-0.7,350,-35.19,94.12,0.0,0.04,1,1,1,1313,0,1,0,0,0,1410,1400,1390,1430,1524.6666666666667,1349.9166666666667,1357.25,1368.0,1395.0
20120829,-4.17,1.39,-4.86,-1.39,540,-81.18,960.0,0.0,0.06,1,1,1,1323,0,1,0,0,0,1420,1380,1370,1460,1527.7916666666667,1348.3333333333333,1356.25,1359.0,1394.0
20120828,0.0,5.11,0.0,5.11,2870,75.0,9999.99,0.0,0.31,1,1,1,1341,0,1,0,0,0,1440,1370,1370,1440,1530.4166666666667,1346.8333333333333,1352.75,1350.0,1379.0
20120827,7.87,7.87,-1.12,2.62,1640,-18.41,473.33,0.0,0.18,1,1,1,1276,0,1,0,0,0,1370,1440,1320,1440,1533.1666666666667,1345.3333333333333,1351.5,1333.5,1357.0
20120824,8.19,8.19,-6.41,-4.98,2010,-0.5,52.42,0.0,0.22,1,1,1,1244,0,1,0,0,0,1335,1520,1315,1520,1536.2083333333333,1344.5833333333333,1350.0,1324.5,1346.0
20120823,0.0,10.41,-3.35,4.46,2020,-55.21,99.0,0.0,0.22,1,1,1,1309,0,1,0,0,0,1405,1345,1300,1485,1539.5833333333333,1344.75,1348.75,1318.5,1341.0
20120822,0.0,2.63,-3.38,1.13,4510,104.07,44.69,0.0,0.48,1,1,1,1253,0,1,0,0,0,1345,1330,1285,1365,1542.4583333333333,1343.0833333333333,1344.0,1328.0,1324.0
20120821,-1.52,5.7,-1.52,1.14,2210,60.14,135.48,0.0,0.24,1,1,1,1239,0,1,0,0,0,1330,1295,1295,1390,1545.6666666666667,1342.9166666666667,1346.75,1332.5,1321.0
20120820,-2.29,0.76,-2.29,0.38,1380,112.31,120.69,0.0,0.15,1,1,1,1225,0,1,0,0,0,1315,1280,1280,1320,1549.5833333333333,1346.9166666666667,1350.5,1333.5,1310.0
20120817,1.89,2.27,-2.27,-0.76,650,-66.84,120.69,0.0,0.07,1,1,1,1220,0,1,0,0,0,1310,1345,1290,1350,1553.8333333333333,1354.25,1354.5,1339.5,1303.0
20120816,0.0,0.0,-6.02,-0.75,1960,-83.28,2.33,0.0,0.21,1,1,1,1230,0,1,0,0,0,1320,1330,1250,1330,1558.1666666666667,1360.4166666666667,1358.25,1346.5,1296.0
20120814,-0.78,8.24,-0.78,4.31,11720,119.07,236.01,0.0,1.26,1,1,1,1239,0,1,0,0,0,1330,1265,1265,1380,1562.375,1366.75,1361.5,1353.5,1332.0
20120813,2.73,4.69,-0.39,-0.39,5350,121.99,37.02,0.0,0.57,1,1,1,1188,0,1,0,0,0,1275,1315,1275,1340,1566.4583333333333,1375.0833333333333,1362.5,1355.5,1344.0
20120810,1.96,3.53,-0.39,0.39,2410,-91.2,35.0,0.0,0.26,1,1,1,1192,0,1,0,0,0,1280,1300,1270,1320,1572.0,1381.4166666666667,1366.0,1369.5,1357.0
20120809,-1.67,-1.67,-15.0,-15.0,27390,-33.86,18.48,0.0,2.94,1,1,1,1188,0,1,0,0,0,1275,1475,1275,1475,1576.2916666666667,1387.5,1370.0,1375.5,1376.0
20120808,0.0,8.99,-3.24,7.91,41410,255.76,71.5,0.0,4.45,1,1,1,1397,0,1,0,0,0,1500,1390,1345,1515,1580.7916666666667,1394.9166666666667,1372.25,1379.0,1397.0
20120807,0.0,4.48,-0.37,3.73,11640,163.95,3052.94,0.0,1.25,1,1,1,1295,0,1,0,0,0,1390,1340,1335,1400,1583.0,1398.4166666666667,1366.0,1360.0,1375.0
20120806,-1.45,3.64,-5.45,-2.55,4410,2105.0,6.58,0.0,0.47,1,1,1,1248,0,1,0,0,0,1340,1355,1300,1425,1586.2083333333333,1404.75,1367.5,1361.0,1367.0
20120803,-3.26,-0.36,-3.26,-0.36,200,-4.76,1700.0,0.0,0.02,1,1,1,1281,0,1,0,0,0,1375,1335,1335,1375,1589.75,1410.5833333333333,1370.5,1367.5,1382.0
20120802,0.72,0.72,-3.96,-0.72,210,-96.3,566.67,0.0,0.02,1,1,1,1286,0,1,0,0,0,1380,1400,1335,1400,1592.8333333333333,1414.3333333333333,1372.5,1369.5,1375.0
20120801,5.19,5.19,-1.48,2.96,5680,119.31,1282.93,0.0,0.61,1,1,1,1295,0,1,0,0,0,1390,1420,1330,1420,1596.0416666666667,1418.8333333333333,1371.0,1370.0,1361.0
20120731,-2.12,-2.12,-6.71,-4.59,2590,3137.5,1190.0,0.0,0.28,1,1,1,1258,0,1,0,0,0,1350,1385,1320,1385,1599.1666666666667,1423.9166666666667,1369.0,1369.5,1345.0
20120730,7.84,7.84,5.6,5.6,80,-85.19,0.0,0.0,0.01,1,1,1,1318,0,1,0,0,0,1415,1445,1415,1445,1602.5,1429.8333333333333,1369.0,1369.5,1355.0
20120727,0.0,5.34,0.0,2.29,540,-76.74,381.82,0.0,0.06,1,1,1,1248,0,1,0,0,0,1340,1310,1310,1380,1605.1666666666667,1434.75,1367.5,1362.5,1353.0
20120726,-3.82,6.49,-3.82,0.0,2322,-55.94,298.21,0.0,0.25,1,1,1,1220,0,1,0,0,0,1310,1260,1260,1395,1608.9583333333333,1440.8333333333333,1369.75,1364.5,1364.0
20120725,0.0,0.0,-6.43,-6.43,5270,229.38,1.2,0.0,0.57,1,1,1,1220,0,1,0,0,0,1310,1400,1310,1400,1612.5,1446.0833333333333,1367.0,1365.5,1379.0
20120724,0.0,1.78,-0.36,-0.36,1600,-7.51,3875.0,0.0,0.17,1,1,1,1304,0,1,0,0,0,1400,1405,1400,1430,1616.0833333333333,1451.3333333333333,1365.5,1372.0,1394.0
20120723,0.36,1.08,-1.08,0.72,1730,-77.24,1610.0,0.0,0.19,1,1,1,1309,0,1,0,0,0,1405,1400,1380,1410,1619.0833333333333,1456.6666666666667,1360.5,1374.0,1384.0
20120720,0.36,5.05,-2.89,0.72,7600,-36.67,110.95,0.0,0.82,1,1,1,1300,0,1,0,0,0,1395,1390,1345,1455,1622.2083333333333,1461.4166666666667,1355.25,1373.5,1372.0
20120719,2.53,2.53,-3.25,0.0,12000,236.13,14.56,0.0,1.29,1,1,1,1290,0,1,0,0,0,1385,1420,1340,1420,1625.3333333333333,1467.5,1352.25,1375.5,1365.0
20120718,0.74,5.19,-0.74,2.59,3570,981.82,238.46,0.0,0.38,1,1,1,1290,0,1,0,0,0,1385,1360,1340,1420,1628.5416666666667,1473.1666666666667,1346.5,1372.0,1352.0
20120717,-0.74,0.37,-1.86,0.37,330,-8.33,34.78,0.0,0.04,1,1,1,1258,0,1,0,0,0,1350,1335,1320,1350,1633.0416666666667,1478.0,1341.75,1368.5,1350.0
20120716,0.0,0.0,-2.21,-1.1,360,-86.1,50.0,0.0,0.04,1,1,1,1253,0,1,0,0,0,1345,1360,1330,1360,1638.4166666666667,1484.1666666666667,1339.25,1368.5,1364.0
20120713,0.76,3.41,0.38,3.03,2590,8.37,335.59,0.0,0.28,1,1,1,1267,0,1,0,0,0,1360,1330,1325,1365,1644.5833333333333,1494.25,1338.5,1372.5,1375.0
20120712,-4.73,-1.82,-6.18,-4.0,2390,-15.25,64.58,0.0,0.26,1,1,1,1230,0,1,0,0,0,1320,1310,1290,1350,1651.4166666666667,1501.6666666666667,1336.5,1375.0,1386.0
20120711,0.35,1.06,-3.17,-3.17,2820,9.9,20.09,0.0,0.3,1,1,1,1281,0,1,0,0,0,1375,1425,1375,1435,1659.0833333333333,1508.9166666666667,1337.25,1368.5,1392.0
20120710,2.86,3.57,-0.36,1.43,2566,102.05,91.54,0.0,0.28,1,-1,1,1323,0,1,0,0,0,1420,1440,1395,1450,1665.8333333333333,1515.6666666666667,1336.5,1359.0,1387.0
20120709,2.83,2.83,-2.47,-1.06,1270,-64.53,46.99,0.0,0.14,1,-1,1,1304,0,1,0,0,0,1400,1455,1380,1455,1671.0833333333333,1520.0,1332.25,1347.0,1373.0
20120706,1.48,9.63,1.48,4.81,3580,-12.47,408.57,0.0,0.38,1,1,1,1318,0,1,0,0,0,1415,1370,1370,1480,1677.6666666666667,1525.8333333333333,1329.25,1337.0,1370.0
20120705,-0.37,1.48,-1.48,0.0,4090,-60.73,114.74,0.0,0.44,1,1,1,1258,0,1,0,0,0,1350,1345,1330,1370,1684.875,1531.4166666666667,1324.0,1329.0,1364.0
20120704,1.11,1.85,-2.96,0.0,10415,-64.79,55.0,0.0,1.12,1,-1,1,1258,0,1,0,0,0,1350,1365,1310,1375,1693.4583333333333,1538.0833333333333,1321.5,1321.0,1345.0
20120703,-3.25,0.72,-5.78,-2.53,29580,-30.0,63.59,0.0,3.18,1,1,1,1258,0,1,0,0,0,1350,1340,1305,1395,1701.5,1545.3333333333333,1319.75,1315.0,1331.0
20120702,2.53,2.53,-6.86,0.0,42256,-57.37,88.93,0.0,4.54,1,1,1,1290,0,1,0,0,0,1385,1420,1290,1420,1709.4166666666667,1551.6666666666667,1318.75,1310.0,1321.0
20120629,1.99,14.74,1.59,10.36,99130,4856.5,93.21,0.0,10.64,1,1,1,1290,0,1,0,0,0,1385,1280,1275,1440,1717.0,1557.0833333333333,1317.0,1304.5,1304.0
20120628,-2.34,0.78,-3.12,-1.95,2000,33.33,157.53,0.0,0.21,1,1,1,1169,0,1,0,0,0,1255,1250,1240,1290,1724.8333333333333,1563.75,1314.0,1298.0,1294.0
20120627,-0.77,0.0,-2.69,-1.54,1500,68.54,7.97,0.0,0.16,1,1,1,1192,0,1,0,0,0,1280,1290,1265,1300,1733.75,1572.4166666666667,1318.5,1306.0,1297.0
20120626,-1.15,0.0,-2.69,0.0,890,452.8,780.0,0.0,0.1,1,1,1,1211,0,1,0,0,0,1300,1285,1265,1300,1742.2083333333333,1581.9166666666667,1319.75,1314.0,1299.0
20120625,-2.62,-2.62,-4.87,-2.62,161,-77.0,100.0,0.0,0.02,1,1,1,1211,0,1,0,0,0,1300,1300,1270,1300,1750.0833333333333,1591.8333333333333,1321.5,1317.5,1299.0
20120622,0.39,5.12,-1.57,5.12,700,-66.18,527.27,0.0,0.08,1,1,1,1244,0,1,0,0,0,1335,1275,1250,1335,1758.0833333333333,1601.0,1335.0,1321.5,1305.0
20120621,0.0,1.94,-4.65,-1.55,2070,1117.65,24.5,0.0,0.22,1,1,1,1183,0,1,0,0,0,1270,1290,1230,1315,1766.375,1609.5833333333333,1356.0,1319.0,1302.0
20120620,-0.38,1.15,-1.54,-0.77,170,-89.76,220.0,0.0,0.02,1,1,1,1202,0,1,0,0,0,1290,1295,1280,1315,1774.8333333333333,1618.4166666666667,1376.5,1322.0,1315.0
20120619,3.01,3.38,-4.51,-2.26,1660,286.05,56.19,0.0,0.18,1,1,1,1211,0,1,0,0,0,1300,1370,1270,1375,1783.125,1626.9166666666667,1397.0,1324.5,1329.0
20120618,-2.27,2.65,-3.03,0.76,430,138.89,115.79,0.0,0.05,1,1,1,1239,0,1,0,0,0,1330,1290,1280,1355,1791.125,1636.1666666666667,1423.5,1327.5,1336.0
20120615,-2.25,-0.37,-5.99,-1.12,180,-96.92,112.5,0.0,0.02,1,1,1,1230,0,1,0,0,0,1320,1305,1255,1330,1798.875,1645.1666666666667,1439.75,1329.5,1338.0
20120614,-2.21,1.1,-8.46,-1.84,5850,690.54,40.29,0.0,0.63,1,1,1,1244,0,1,0,0,0,1335,1330,1245,1375,1806.125,1654.1666666666667,1456.0,1330.0,1336.0
20120613,0.75,1.87,-1.5,1.87,740,70.11,151.72,0.0,0.08,1,1,1,1267,0,1,0,0,0,1360,1345,1315,1360,1811.9166666666667,1662.0833333333333,1475.25,1331.0,1329.0
20120612,2.24,2.24,-1.49,-0.37,435,-62.5,41.38,0.0,0.05,1,1,1,1244,0,1,0,0,0,1335,1370,1320,1370,1818.9166666666667,1669.4166666666667,1492.75,1325.5,1320.0
20120611,0.38,4.2,0.38,2.29,1160,-5.69,2775.0,0.0,0.12,1,1,1,1248,0,1,0,0,0,1340,1315,1315,1365,1825.5833333333333,1677.5833333333333,1514.5,1325.5,1319.0
20120608,1.15,4.62,0.77,0.77,1230,-76.85,224.32,0.0,0.13,1,1,1,1220,0,1,0,0,0,1310,1315,1310,1360,1831.625,1684.9166666666667,1532.0,1348.5,1321.0
20120607,1.14,6.46,-1.14,-1.14,5314,1614.19,112.55,0.0,0.57,1,1,1,1211,0,1,0,0,0,1300,1330,1300,1400,1837.4166666666667,1692.25,1546.5,1393.0,1324.0
20120605,0.0,0.75,-1.5,-1.13,310,-82.58,480.0,0.0,0.03,1,1,1,1225,0,1,0,0,0,1315,1330,1310,1340,1845.8333333333333,1699.4166666666667,1564.0,1431.0,1333.0
20120604,-2.96,0.0,-4.44,-1.48,1780,100.0,17.22,0.0,0.19,1,1,1,1239,0,1,0,0,0,1330,1310,1290,1350,1855.5833333333333,1707.25,1583.0,1469.5,1331.0
20120601,-4.15,1.89,-4.15,1.89,890,-60.96,83.33,0.0,0.1,1,1,1,1258,0,1,0,0,0,1350,1270,1270,1350,1862.5416666666667,1714.0,1601.75,1519.5,1332.0
20120531,-1.12,-1.12,-4.83,-1.49,2280,23.85,27.53,0.0,0.24,1,1,1,1234,0,1,0,0,0,1325,1330,1280,1330,1868.5416666666667,1721.0,1619.75,1550.0,1376.0
20120530,3.07,3.07,-0.77,3.07,1841,-84.99,123.26,0.0,0.2,1,1,1,1253,0,1,0,0,0,1345,1345,1295,1345,1875.5833333333333,1727.8333333333333,1638.75,1582.0,1462.0
20120529,0.0,2.62,-3.75,-2.25,12268,-74.18,65.19,0.0,1.32,1,1,1,1216,0,1,0,0,0,1305,1335,1285,1370,1880.125,1734.4166666666667,1652.75,1619.5,1529.0
20120525,-2.87,4.78,-14.97,-14.97,47513,839.73,65.88,0.0,5.1,1,1,1,1244,0,1,0,0,0,1335,1525,1335,1645,1883.7916666666667,1741.8333333333333,1668.75,1660.0,1608.0
20120524,-6.55,0.0,-10.54,-10.54,5056,5.77,76.3,0.0,0.54,1,1,1,1463,0,1,0,0,0,1570,1640,1570,1755,1887.4583333333333,1748.4166666666667,1688.0,1703.5,1707.0
20120523,0.3,5.36,-0.6,4.46,4780,99.17,50.93,0.0,0.51,1,1,1,1635,0,1,0,0,0,1755,1685,1670,1770,1888.9583333333333,1752.25,1694.0,1715.5,1724.0
20120522,0.0,0.0,-2.35,-1.18,2400,-46.06,1.91,0.0,0.26,1,1,1,1565,0,1,0,0,0,1680,1700,1660,1700,1889.5833333333333,1753.4166666666667,1694.25,1700.0,1702.0
20120521,-1.64,-1.64,-10.38,-7.1,4449,178.06,71.43,0.0,0.48,1,1,1,1584,0,1,0,0,0,1700,1800,1640,1800,1891.2916666666667,1755.9166666666667,1696.5,1697.0,1710.0
20120518,3.32,10.57,-1.51,10.57,1600,742.11,11.81,0.0,0.17,1,1,1,1705,0,1,0,0,0,1830,1710,1630,1830,1892.7916666666667,1758.0,1695.25,1696.5,1712.0
20120517,3.34,3.65,0.0,0.61,190,-89.33,41.67,0.0,0.02,1,1,1,1542,0,1,0,0,0,1655,1700,1645,1705,1893.0,1757.8333333333333,1689.75,1684.0,1700.0
20120516,3.78,3.78,-4.36,-4.36,1780,-35.27,8.09,0.0,0.19,1,1,1,1532,0,1,0,0,0,1645,1785,1645,1785,1894.0,1762.5833333333333,1704.5,1689.5,1707.0
20120515,0.29,2.34,-3.51,0.58,2750,131.09,41.49,0.0,0.3,1,1,1,1602,0,1,0,0,0,1720,1715,1650,1750,1894.9583333333333,1765.0833333333333,1712.5,1695.5,1698.0
20120514,-2.82,-1.69,-6.21,-3.39,1190,-77.25,5.41,0.0,0.13,1,1,1,1593,0,1,0,0,0,1710,1720,1660,1740,1894.5833333333333,1766.6666666666667,1714.25,1686.0,1684.0
20120511,-0.3,6.51,-3.85,4.73,5230,42.08,39.68,0.0,0.56,1,1,1,1649,0,1,0,0,0,1770,1685,1625,1800,1894.8333333333333,1767.5833333333333,1717.75,1677.5,1681.0
20120510,3.75,8.12,-6.88,5.62,3681,287.07,26.06,0.0,0.4,1,1,1,1574,0,1,0,0,0,1690,1660,1490,1730,1894.9583333333333,1767.6666666666667,1713.25,1672.5,1668.0
20120509,-4.85,0.91,-5.45,-3.03,951,48.59,6.94,0.0,0.1,1,1,1,1490,0,1,0,0,0,1600,1570,1560,1665,1895.0833333333333,1768.9166666666667,1716.25,1672.5,1672.0
20120508,0.0,3.83,-3.24,-2.65,640,0.0,10.91,0.0,0.07,1,1,1,1537,0,1,0,0,0,1650,1695,1640,1760,1896.3333333333333,1771.3333333333333,1723.75,1688.5,1693.0
20120507,-0.59,-0.59,-0.59,-0.59,0,-100.0,0.0,0.0,0.0,1,1,1,1579,0,1,0,0,0,1695,1695,1695,1695,1897.5416666666667,1773.25,1728.75,1696.0,1688.0
20120504,-1.75,-0.29,-1.75,-0.29,110,-82.26,0.0,0.0,0.01,1,1,1,1588,0,1,0,0,0,1705,1680,1680,1705,1897.9583333333333,1774.4166666666667,1733.25,1694.0,1674.0
20120503,-0.29,0.29,-1.47,0.29,620,-3.12,6.67,0.0,0.07,1,1,1,1593,0,1,0,0,0,1710,1700,1680,1710,1898.4166666666667,1775.1666666666667,1734.5,1695.5,1677.0
20120502,4.31,5.85,3.38,4.92,640,-71.56,18.18,0.0,0.07,1,1,1,1588,0,1,0,0,0,1705,1695,1680,1720,1898.9166666666667,1775.5833333333333,1734.5,1719.5,1673.0
20120430,4.62,4.62,-7.69,0.0,2250,-71.98,9.52,0.0,0.24,1,1,1,1514,0,1,0,0,0,1625,1700,1500,1700,1899.4583333333333,1777.0833333333333,1738.5,1729.5,1684.0
20120427,0.0,0.0,-9.88,-5.52,8031,802.36,22.67,0.0,0.86,1,1,1,1514,0,1,0,0,0,1625,1720,1550,1720,1900.7083333333333,1778.9166666666667,1746.0,1742.5,1704.0
20120426,1.48,1.78,-3.25,1.78,890,-19.82,4.44,0.0,0.1,1,1,1,1602,0,1,0,0,0,1720,1715,1635,1720,1901.75,1780.8333333333333,1757.25,1758.0,1714.0
20120425,-3.98,-0.57,-3.98,-3.98,1110,-63.25,2.86,0.0,0.12,1,1,1,1574,0,1,0,0,0,1690,1690,1690,1750,1902.2083333333333,1781.5,1766.0,1754.0,1714.0
20120424,2.61,2.61,-7.25,2.03,3020,79.76,128.03,0.0,0.32,1,1,1,1640,0,1,0,0,0,1760,1770,1600,1770,1902.9583333333333,1783.0,1774.0,1760.0,1766.0
20120423,3.88,3.88,-3.28,2.99,1680,-38.37,272.41,0.0,0.18,1,1,1,1607,0,1,0,0,0,1725,1740,1620,1740,1903.0,1783.1666666666667,1778.5,1759.0,1775.0
20120420,2.62,2.62,-14.24,-2.62,2726,-72.77,22.29,0.0,0.29,1,1,1,1560,0,1,0,0,0,1675,1765,1475,1765,1904.1666666666667,1783.9166666666667,1782.25,1761.5,1781.0
20120419,-6.67,-4.62,-14.87,-11.79,10011,169.11,91.38,0.0,1.07,1,1,1,1602,0,1,0,0,0,1720,1820,1660,1860,1906.3333333333333,1788.0833333333333,1788.5,1772.5,1802.0
20120418,0.55,8.03,-5.54,8.03,3720,79.71,278.57,0.0,0.4,1,1,1,1817,0,1,0,0,0,1950,1815,1705,1950,1908.0833333333333,1792.6666666666667,1795.25,1773.5,1794.0
20120417,3.13,4.84,-7.41,2.85,2070,245.0,86.32,0.0,0.22,1,1,1,1681,0,1,0,0,0,1805,1810,1625,1840,1908.25,1794.9166666666667,1791.25,1749.5,1754.0
20120416,0.84,0.84,-1.4,-1.4,600,445.45,0.0,0.0,0.06,1,1,1,1635,0,1,0,0,0,1755,1795,1755,1795,1907.9166666666667,1801.1666666666667,1794.0,1747.5,1743.0
20120413,3.87,5.95,3.87,5.95,110,-83.33,0.0,0.0,0.01,1,1,1,1658,0,1,0,0,0,1780,1745,1745,1780,1906.0833333333333,1809.25,1796.75,1749.5,1742.0
20120412,-3.71,2.86,-7.14,-4.0,660,22.22,41.3,0.0,0.07,1,1,1,1565,0,1,0,0,0,1680,1685,1625,1800,1903.7916666666667,1816.0,1797.75,1756.5,1743.0
20120410,-2.86,0.86,-2.86,0.0,540,217.65,29.27,0.0,0.06,1,1,1,1630,0,1,0,0,0,1750,1700,1700,1765,1902.9166666666667,1822.1666666666667,1805.0,1778.0,1753.0
20120409,0.0,0.0,0.0,0.0,170,-77.03,0.0,0.0,0.02,1,1,1,1630,0,1,0,0,0,1750,1750,1750,1750,1899.75,1829.5,1806.5,1788.0,1745.0
20120406,-1.12,0.0,-2.24,-1.96,740,362.5,0.0,0.0,0.08,1,1,1,1630,0,1,0,0,0,1750,1765,1745,1785,1897.0833333333333,1838.3333333333333,1806.5,1798.0,1752.0
20120405,-0.87,3.47,-2.6,3.18,160,-82.42,400.0,0.0,0.02,1,1,1,1663,0,1,0,0,0,1785,1715,1685,1790,1893.9166666666667,1848.8333333333333,1805.5,1803.0,1757.0
20120404,2.92,5.56,-1.75,1.17,910,-27.89,41.67,0.0,0.1,1,1,1,1612,0,1,0,0,0,1730,1760,1680,1805,1890.375,1857.6666666666667,1805.5,1804.5,1770.0
20120403,-1.12,2.24,-4.2,-4.2,1262,152.4,36.05,0.0,0.14,1,1,1,1593,0,1,0,0,0,1710,1765,1710,1825,1887.4166666666667,1867.1666666666667,1805.75,1817.0,1803.0
20120402,0.85,8.45,0.28,0.56,500,-84.34,65.52,0.0,0.05,1,1,1,1663,0,1,0,0,0,1785,1790,1780,1925,1884.5833333333333,1876.9166666666667,1808.75,1833.0,1831.0
20120330,-2.43,4.05,-4.86,-4.05,3193,143.74,14.03,0.0,0.34,1,-1,1,1653,0,1,0,0,0,1775,1805,1760,1925,1880.7083333333333,1885.9166666666667,1806.25,1840.5,1844.0
20120329,-3.17,1.32,-6.86,-2.37,1310,2520.0,9.23,0.0,0.14,1,1,1,1723,0,1,0,0,0,1850,1835,1765,1920,1876.875,1895.0833333333333,1804.5,1844.0,1849.0
20120328,-0.27,3.24,-0.27,2.43,50,-99.41,300.0,0.0,0.01,1,1,1,1765,0,1,0,0,0,1895,1845,1845,1910,1872.7083333333333,1902.5,1799.5,1839.0,1839.0
20120327,4.05,13.51,0.0,0.0,8502,591.22,13.82,0.0,0.91,1,-1,1,1723,0,1,0,0,0,1850,1925,1850,2100,1868.25,1908.3333333333333,1791.25,1832.0,1831.0
20120326,3.61,6.11,2.78,2.78,1230,459.09,188.1,0.0,0.13,1,1,1,1723,0,1,0,0,0,1850,1865,1850,1910,1864.1666666666667,1915.1666666666667,1788.75,1825.0,1835.0
20120323,5.0,5.0,0.0,0.0,220,-87.98,5.0,0.0,0.02,1,1,1,1677,0,1,0,0,0,1800,1890,1800,1890,1860.4166666666667,1923.1666666666667,1787.5,1815.0,1837.0
20120322,-0.81,2.16,-4.04,-2.96,1830,-4.69,219.3,0.0,0.2,1,1,1,1677,0,1,0,0,0,1800,1840,1780,1895,1857.5833333333333,1931.25,1789.0,1808.0,1839.0
20120321,1.6,1.6,-3.74,-0.8,1920,-61.37,33.33,0.0,0.21,1,1,1,1728,0,1,0,0,0,1855,1900,1800,1900,1854.25,1939.3333333333333,1790.25,1806.5,1839.0
20120320,0.81,4.03,-3.23,0.54,4970,-15.91,90.42,0.0,0.53,1,1,1,1742,0,1,0,0,0,1870,1875,1800,1935,1850.5,1946.0833333333333,1788.5,1794.5,1833.0
20120319,0.0,7.73,-2.21,2.76,5910,-6.04,344.36,0.0,0.63,1,1,1,1733,0,1,0,0,0,1860,1810,1770,1950,1847.4166666666667,1952.5833333333333,1792.0,1784.5,1815.0
20120316,0.28,4.44,-2.78,0.56,6290,1806.06,33.92,0.0,0.68,1,1,1,1686,0,1,0,0,0,1810,1805,1750,1880,1843.2083333333333,1958.0833333333333,1788.75,1772.0,1793.0
20120315,-0.82,0.55,-1.37,-1.37,330,-73.17,3200.0,0.0,0.04,1,1,1,1677,0,1,0,0,0,1800,1810,1800,1835,1840.9583333333333,1961.75,1789.0,1765.0,1777.0
20120314,-1.12,2.53,-1.12,2.53,1230,6.96,115.79,0.0,0.13,1,-1,1,1700,0,1,0,0,0,1825,1760,1760,1825,1839.5416666666667,1968.4166666666667,1787.25,1760.0,1774.0
20120313,-1.14,1.71,-1.43,1.71,1150,-82.78,283.33,0.0,0.12,1,1,1,1658,0,1,0,0,0,1780,1730,1725,1780,1838.625,1973.5833333333333,1784.75,1750.5,1756.0
20120312,7.51,7.51,-1.16,1.16,6680,209.26,23.25,0.0,0.72,1,1,1,1630,0,1,0,0,0,1750,1860,1710,1860,1839.25,1978.3333333333333,1784.0,1752.5,1754.0
20120309,-2.52,0.84,-3.08,-3.08,2160,-78.44,0.47,0.0,0.23,1,1,1,1612,0,1,0,0,0,1730,1740,1730,1800,1838.125,1982.5833333333333,1783.75,1760.0,1751.0
20120308,0.58,9.8,0.58,2.88,10020,469.32,162.3,0.0,1.08,1,1,1,1663,0,1,0,0,0,1785,1745,1745,1905,1837.875,1992.25,1785.5,1770.0,1753.0
20120307,-1.69,0.56,-2.26,-1.98,1760,-14.15,49.15,0.0,0.19,1,1,1,1616,0,1,0,0,0,1735,1740,1730,1780,1838.0833333333333,2003.9166666666667,1784.5,1774.0,1746.0
20120306,-0.29,2.02,-1.73,2.02,2050,-27.3,215.38,0.0,0.22,1,1,1,1649,0,1,0,0,0,1770,1730,1705,1770,1840.7083333333333,2011.0833333333333,1785.25,1782.5,1745.0
20120305,-1.44,0.0,-2.87,-0.29,2820,-47.68,56.57,0.0,0.3,1,1,1,1616,0,1,0,0,0,1735,1715,1690,1740,1842.625,2016.0833333333333,1783.5,1799.5,1751.0
20120302,-0.57,1.14,-4.86,-0.57,5390,87.94,17.55,0.0,0.58,1,1,1,1621,0,1,0,0,0,1740,1740,1665,1770,1845.5833333333333,2023.3333333333333,1786.5,1805.5,1769.0
20120229,2.6,2.6,-0.87,1.16,2868,-0.42,53.76,0.0,0.31,1,1,1,1630,0,1,0,0,0,1750,1775,1715,1775,1851.5416666666667,2025.8333333333333,1786.25,1813.0,1787.0
20120228,7.78,7.78,-3.89,-3.89,2880,44.51,13.39,0.0,0.31,1,1,1,1612,0,1,0,0,0,1730,1940,1730,1940,1861.0,2025.75,1785.75,1814.5,1802.0
20120227,1.92,1.92,-1.37,-1.37,1993,116.63,42.14,0.0,0.21,1,1,1,1677,0,1,0,0,0,1800,1860,1800,1860,1867.5,2026.5,1787.25,1819.0,1820.0
20120224,-1.09,2.19,-1.64,-0.27,920,-68.28,22.67,0.0,0.1,1,1,1,1700,0,1,0,0,0,1825,1810,1800,1870,1874.75,2025.6666666666667,1786.25,1815.5,1848.0
20120223,-2.19,3.01,-2.19,0.27,2900,23.93,55.08,0.0,0.31,1,1,1,1705,0,1,0,0,0,1830,1785,1785,1880,1885.7083333333333,2025.75,1783.5,1807.5,1842.0
20120222,-2.75,1.1,-3.02,0.27,2340,-57.61,36.05,0.0,0.25,1,1,1,1700,0,1,0,0,0,1825,1770,1765,1840,1895.5,2026.6666666666667,1780.5,1801.0,1839.0
20120221,-4.9,0.0,-7.22,-6.19,5520,-78.25,26.56,0.0,0.59,1,1,1,1695,0,1,0,0,0,1820,1845,1800,1940,1902.0833333333333,2027.5833333333333,1785.5,1795.0,1827.0
20120220,0.28,12.81,-2.51,8.08,25375,507.49,102.0,0.0,2.72,1,1,1,1807,0,1,0,0,0,1940,1800,1750,2025,1905.875,2028.1666666666667,1794.25,1788.0,1818.0
20120217,0.55,0.55,-3.58,-1.1,4177,104.65,73.75,0.0,0.45,1,1,1,1672,0,1,0,0,0,1795,1825,1750,1825,1906.2083333333333,2025.4166666666667,1801.5,1767.5,1783.0
20120216,2.55,3.4,-0.85,2.83,2041,-62.06,168.42,0.0,0.22,1,1,1,1691,0,1,0,0,0,1815,1810,1750,1825,1905.625,2024.8333333333333,1820.75,1767.5,1773.0
20120215,0.0,0.85,-3.66,-0.56,5380,107.64,11.39,0.0,0.58,1,1,1,1644,0,1,0,0,0,1765,1775,1710,1790,1903.0,2022.5,1842.0,1759.5,1763.0
20120214,0.0,0.85,-3.4,0.57,2591,48.82,129.09,0.0,0.28,1,1,1,1653,0,1,0,0,0,1775,1765,1705,1780,1900.7916666666667,2022.0833333333333,1863.0,1757.0,1763.0
20120213,-0.86,2.58,-2.29,1.15,1741,-60.66,84.04,0.0,0.19,1,1,1,1644,0,1,0,0,0,1765,1730,1705,1790,1898.0833333333333,2022.25,1876.75,1755.5,1758.0
20120210,0.85,0.85,-3.68,-1.13,4426,21.46,37.69,0.0,0.48,1,1,1,1626,0,1,0,0,0,1745,1780,1700,1780,1895.25,2021.25,1898.0,1757.0,1752.0
20120209,0.0,1.42,-3.68,0.0,3644,58.57,405.56,0.0,0.39,1,1,1,1644,0,1,0,0,0,1765,1765,1700,1790,1892.9166666666667,2021.3333333333333,1924.75,1759.5,1762.0
20120208,3.43,3.43,-4.86,0.86,2298,-60.25,53.69,0.0,0.25,1,1,1,1644,0,1,0,0,0,1765,1810,1665,1810,1890.7083333333333,2021.8333333333333,1955.5,1760.0,1756.0
20120207,1.44,1.73,-4.32,0.86,5781,469.0,29.15,0.0,0.62,1,1,1,1630,0,1,0,0,0,1750,1760,1660,1765,1888.0416666666667,2021.5,1983.0,1776.0,1751.0
20120206,1.39,1.39,-4.46,-3.34,1016,-59.36,40.28,0.0,0.11,1,1,1,1616,0,1,0,0,0,1735,1820,1715,1820,1885.125,2021.6666666666667,2010.5,1800.5,1753.0
20120203,2.59,5.48,0.86,3.46,2500,-84.41,255.07,0.0,0.27,1,1,1,1672,0,1,0,0,0,1795,1780,1750,1830,1882.4166666666667,2022.25,2038.5,1835.5,1762.0
20120202,-1.72,14.94,-4.89,-0.29,16040,2926.42,80.16,0.0,1.72,-1,1,1,1616,0,1,0,0,0,1735,1710,1655,2000,1879.1666666666667,2021.8333333333333,2065.0,1874.0,1757.0
20120201,1.42,1.7,-1.14,-1.14,530,-92.62,6.12,0.01,0.06,-1,1,1,1621,0,1,0,0,0,1740,1785,1740,1790,1876.3333333333333,2022.5,2094.5,1924.5,1764.0
20120131,-2.81,-0.28,-3.37,-1.12,7184,440.15,65.59,0.04,0.77,1,1,1,1640,0,1,0,0,0,1760,1730,1720,1775,1873.75,2022.6666666666667,2122.25,1969.0,1801.0
20120130,-0.85,0.56,-2.26,0.56,1330,-85.82,15.56,0.04,0.14,1,1,1,1658,0,1,0,0,0,1780,1755,1730,1780,1871.8333333333333,2022.9166666666667,2146.5,1998.0,1848.0
20120127,4.24,4.24,-2.82,0.0,9378,-35.55,16.25,0.04,1.01,1,-1,1,1649,0,1,0,0,0,1770,1845,1720,1845,1870.125,2022.9166666666667,2170.5,2039.0,1909.0
20120126,4.42,4.42,-8.57,-8.05,14550,246.92,86.56,0.04,1.56,1,1,1,1649,0,1,0,0,0,1770,2010,1760,2010,1868.5833333333333,2022.8333333333333,2198.5,2090.0,1991.0
20120125,-4.01,-1.25,-5.26,-3.51,4194,-32.35,51.65,0.04,0.45,-1,1,1,1793,0,1,0,0,0,1925,1915,1890,1970,1867.7916666666667,2024.4166666666667,2224.25,2151.0,2085.0
20120120,-4.08,-0.48,-8.87,-4.32,6200,168.28,51.3,0.06,0.67,-1,1,1,1858,0,1,0,0,0,1995,2000,1900,2075,1865.0,2024.5833333333333,2242.25,2190.0,2137.0
20120119,-1.83,-0.23,-13.3,-4.36,2311,-9.27,69.29,0.11,0.25,1,1,1,1942,0,1,0,0,0,2085,2140,1890,2175,1861.7083333333333,2023.5,2255.5,2220.5,2148.0
20120118,-5.13,-2.23,-7.14,-2.68,2547,-25.09,37.16,0.11,0.27,1,1,1,2031,0,1,0,0,0,2180,2125,2080,2190,1857.7083333333333,2021.5833333333333,2264.25,2241.5,2169.0
20120117,-4.12,9.15,-4.12,2.52,3400,45.11,218.95,0.11,0.36,1,1,1,2087,0,1,0,0,0,2240,2095,2095,2385,1852.25,2014.6666666666667,2264.75,2256.0,2189.0
20120116,0.73,6.83,0.49,6.59,2343,-65.59,260.0,0.11,0.25,-1,1,1,2035,0,1,0,0,0,2185,2065,2060,2190,1846.375,2002.9166666666667,2254.25,2264.5,2217.0
20120113,0.91,0.91,-6.39,-6.39,6810,-63.89,50.11,0.11,0.73,1,1,1,1910,0,1,0,0,0,2050,2210,2050,2210,1840.6666666666667,1991.5833333333333,2255.0,2275.5,2243.0
20120112,1.32,6.14,-7.89,-3.95,18860,44.85,36.63,0.11,2.02,-1,1,1,2040,0,1,0,0,0,2190,2310,2100,2420,1836.0833333333333,1983.6666666666667,2259.25,2295.0,2293.0
20120111,-4.41,1.05,-4.41,-4.2,13020,370.04,22.95,0.12,1.4,-1,1,1,2124,0,1,0,0,0,2280,2275,2275,2405,1830.3333333333333,1970.0,2253.0,2302.0,2314.0
20120110,1.73,5.18,-3.02,2.81,2770,-12.89,26.15,0.21,0.3,-1,1,1,2217,0,1,0,0,0,2380,2355,2245,2435,1823.8333333333333,1955.8333333333333,2239.25,2307.0,2323.0
20120109,-1.52,1.74,-1.52,0.65,3180,478.18,47.39,0.23,0.34,-1,1,1,2157,0,1,0,0,0,2315,2265,2265,2340,1816.25,1939.0,2235.75,2297.5,2312.0
20120106,1.74,1.74,-1.96,0.22,550,-76.09,61.76,0.24,0.06,1,1,1,2143,0,1,0,0,0,2300,2335,2250,2335,1809.2083333333333,1923.0833333333333,2244.25,2294.5,2308.0
20120105,4.52,4.52,-5.16,-1.29,2300,-75.61,9.52,0.24,0.25,1,1,1,2138,0,1,0,0,0,2295,2430,2205,2430,1802.2916666666667,1907.6666666666667,2237.5,2290.5,2297.0
20120104,0.22,11.4,-2.58,0.0,9430,128.33,5.36,0.24,1.01,-1,1,1,2166,0,1,0,0,0,2325,2330,2265,2590,1795.3333333333333,1892.25,2226.25,2287.0,2290.0
20120103,-1.74,2.83,-2.83,1.31,4130,278.9,61.7,0.24,0.44,-1,1,1,2166,0,1,0,0,0,2325,2255,2230,2360,1788.125,1875.5,2218.5,2273.5,2291.0
20120102,-0.45,2.23,-0.89,2.23,1090,-88.56,154.76,0.24,0.12,-1,1,1,2138,0,1,0,0,0,2295,2235,2225,2295,1781.125,1858.6666666666667,2196.75,2244.0,2283.0
20111229,0.22,3.54,-2.65,-0.66,9530,22.02,30.16,0.24,1.02,1,1,1,2091,0,1,0,0,0,2245,2265,2200,2340,1774.375,1842.9166666666667,2169.25,2234.5,2281.0
20111228,0.86,10.3,-3.22,-3.0,7810,-66.54,7.97,0.24,0.84,-1,1,1,2105,0,1,0,0,0,2260,2350,2255,2570,1768.1666666666667,1828.1666666666667,2145.75,2223.5,2284.0
20111227,-0.88,14.88,-4.16,1.97,23343,616.04,76.22,0.25,2.51,-1,1,-1,2170,0,1,0,0,0,2330,2265,2190,2625,1761.875,1813.1666666666667,2120.25,2204.0,2284.0
20111226,0.0,0.0,-5.69,0.0,3260,-45.21,55.98,0.26,0.35,1,1,1,2129,0,1,0,0,0,2285,2285,2155,2285,1755.2916666666667,1797.6666666666667,2095.25,2171.5,2256.0
20111223,0.22,2.21,-3.32,1.11,5950,-9.85,33.71,0.26,0.64,1,1,-1,2129,0,1,0,0,0,2285,2265,2185,2310,1748.75,1783.9166666666667,2075.25,2174.0,2205.0
20111222,0.22,3.54,-2.21,0.0,6600,-51.43,36.92,0.2,0.71,-1,1,1,2105,0,1,0,0,0,2260,2265,2210,2340,1742.5,1769.1666666666667,2055.0,2194.0,2188.0
20111221,0.0,3.2,-1.83,3.2,13590,953.49,47.27,0.26,1.46,1,1,-1,2105,0,1,0,0,0,2260,2190,2150,2260,1736.5416666666667,1754.9166666666667,2034.75,2184.5,2163.0
20111220,4.93,13.55,4.68,7.88,1290,-95.62,85.51,0.16,0.14,-1,1,1,2040,0,1,0,0,0,2190,2130,2125,2305,1729.9166666666667,1742.25,2010.5,2165.5,2124.0
20111219,-1.82,-0.45,-9.55,-7.73,29472,64.92,8.5,0.16,3.16,1,1,-1,1891,0,1,0,0,0,2030,2160,1990,2190,1723.9166666666667,1728.3333333333333,1989.0,2163.5,2087.0
20111216,11.94,11.94,0.94,3.04,17870,-50.21,83.47,0.1,1.92,1,1,-1,2049,0,1,0,0,0,2200,2390,2155,2390,1719.0416666666667,1720.1666666666667,1971.25,2149.5,2143.0
20111215,0.97,6.05,-4.6,3.39,35889,-56.4,26.9,0.05,3.85,1,1,-1,1989,0,1,0,0,0,2135,2085,1970,2190,1712.75,1710.6666666666667,1948.25,2104.0,2200.0
20111214,1.25,2.99,-5.74,2.99,82314,41.82,45.05,0.0,8.84,1,1,1,1924,0,1,0,0,0,2065,2030,1890,2065,1707.0416666666667,1703.6666666666667,1930.75,2068.0,2206.0
20111213,0.0,3.9,-13.2,-13.2,58041,-68.71,40.9,0.0,6.23,1,1,1,1868,0,1,0,0,0,2005,2310,2005,2400,1701.6666666666667,1700.1666666666667,1912.75,2036.5,2207.0
20111212,4.83,14.89,-9.66,-7.04,185491,-38.07,74.57,0.0,19.91,1,1,1,2152,0,1,0,0,0,2310,2605,2245,2855,1697.875,1693.6666666666667,1900.0,2019.0,2240.0
20111209,0.0,14.78,-6.24,14.78,299518,96.99,87.15,0.0,32.15,1,1,-1,2315,0,1,0,0,0,2485,2165,2030,2485,1690.6666666666667,1683.5,1874.25,1976.5,2156.0
20111208,0.0,7.73,-6.28,4.59,152049,-50.27,81.48,0.0,16.32,1,-1,1,2017,0,1,0,0,0,2165,2070,1940,2230,1681.9583333333333,1672.25,1837.25,1916.0,2008.0
20111207,5.99,14.98,-8.29,-4.61,305760,166.18,52.34,0.0,32.82,1,1,1,1928,0,1,0,0,0,2070,2300,1990,2495,1676.6666666666667,1670.3333333333333,1817.0,1885.0,1930.0
20111206,2.91,14.81,-5.29,14.81,114870,65.0,93.38,0.0,12.33,1,1,1,2021,0,1,0,0,0,2170,1945,1790,2170,1671.5,1669.1666666666667,1802.0,1855.5,1866.0
20111205,3.15,14.9,-0.29,8.31,69620,1368.78,147.14,0.0,7.47,1,1,1,1761,0,1,0,0,0,1890,1800,1740,2005,1665.3333333333333,1667.8333333333333,1782.0,1814.5,1798.0
20111202,0.28,3.38,-1.69,-1.69,4740,-44.69,25.07,0.0,0.51,1,1,1,1626,0,1,0,0,0,1745,1780,1745,1835,1661.4583333333333,1677.25,1776.25,1793.0,1797.0
20111201,-1.14,2.57,-1.14,1.43,8570,-84.09,43.87,0.0,0.92,1,1,1,1653,0,1,0,0,0,1775,1730,1730,1795,1659.1666666666667,1696.25,1776.5,1792.5,1824.0
20111130,2.19,5.46,-6.83,-4.37,53850,449.55,67.0,0.0,5.78,1,1,1,1630,0,1,0,0,0,1750,1870,1705,1930,1656.1666666666667,1708.5,1776.5,1793.5,1840.0
20111129,-1.86,1.59,-3.45,-2.92,9799,-35.15,47.18,0.0,1.05,1,1,1,1705,0,1,0,0,0,1830,1850,1820,1915,1654.5,1723.8333333333333,1778.0,1789.0,1845.0
20111128,3.19,3.72,-3.99,0.27,15110,-76.42,24.16,0.0,1.62,1,1,1,1756,0,1,0,0,0,1885,1940,1805,1950,1650.8333333333333,1745.6666666666667,1774.75,1781.0,1831.0
20111125,0.54,9.16,-1.89,1.35,64075,-9.85,72.5,0.0,6.88,1,1,1,1751,0,1,0,0,0,1880,1865,1820,2025,1646.4583333333333,1764.3333333333333,1773.75,1772.0,1789.0
20111124,1.13,10.42,0.28,4.51,71075,717.71,79.07,0.0,7.63,1,1,1,1728,0,1,0,0,0,1855,1795,1780,1960,1642.25,1776.5833333333333,1776.5,1758.5,1761.0
20111123,-1.14,3.69,-2.27,0.85,8692,-34.1,55.7,0.0,0.93,1,1,1,1653,0,1,0,0,0,1775,1740,1720,1825,1638.7916666666667,1783.5833333333333,1780.25,1749.0,1747.0
20111122,0.0,8.06,0.0,5.07,13190,-8.58,67.6,0.0,1.42,1,1,1,1640,0,1,0,0,0,1760,1675,1675,1810,1635.625,1787.0,1790.0,1748.5,1733.0
20111121,0.0,2.3,-4.02,-3.74,14428,-52.38,46.41,0.0,1.55,1,1,1,1560,0,1,0,0,0,1675,1740,1670,1780,1632.3333333333333,1786.4166666666667,1790.25,1749.5,1731.0
20111118,3.64,4.2,-2.52,-2.52,30298,-79.97,32.51,0.0,3.25,-1,1,1,1621,0,1,0,0,0,1740,1850,1740,1860,1629.625,1783.5,1783.25,1759.5,1755.0
20111117,1.76,14.96,0.59,4.69,151231,2165.97,47.09,0.08,16.23,-1,1,1,1663,0,1,0,0,0,1785,1735,1715,1960,1626.9583333333333,1779.5,1771.5,1760.5,1756.0
20111116,0.0,0.57,-2.86,-2.57,6674,-42.66,24.24,0.3,0.72,1,1,1,1588,0,1,0,0,0,1705,1750,1700,1760,1624.0,1773.9166666666667,1761.0,1759.5,1751.0
20111115,0.0,0.84,-4.46,-2.51,11640,1539.44,97.12,0.3,1.25,1,1,-1,1630,0,1,0,0,0,1750,1795,1715,1810,1621.4583333333333,1769.25,1744.25,1767.0,1764.0
20111114,5.16,5.16,1.43,2.87,710,-82.49,105.88,0.29,0.08,-1,1,1,1672,0,1,0,0,0,1795,1835,1770,1835,1618.7916666666667,1764.5,1728.25,1768.5,1768.0
20111111,4.26,4.26,-0.85,-0.85,4055,229.67,136.47,0.3,0.44,1,1,-1,1626,0,1,0,0,0,1745,1835,1745,1835,1615.5,1759.5833333333333,1707.0,1775.5,1764.0
20111110,-1.13,0.0,-1.69,-0.56,1230,-62.73,89.23,0.29,0.13,-1,1,1,1640,0,1,0,0,0,1760,1750,1740,1770,1612.4583333333333,1754.5833333333333,1687.75,1794.5,1765.0
20111109,0.0,1.13,-1.13,0.0,3300,25.0,62.24,0.3,0.35,-1,1,1,1649,0,1,0,0,0,1770,1770,1750,1790,1609.0416666666667,1748.5833333333333,1668.5,1811.5,1768.0
20111108,-0.85,1.41,-1.97,-0.28,2640,3.53,68.15,0.3,0.28,1,1,-1,1649,0,1,0,0,0,1770,1760,1740,1800,1606.2916666666667,1742.5833333333333,1648.5,1831.5,1770.0
20111107,0.0,5.14,-1.71,1.43,2550,-65.07,65.52,0.28,0.27,-1,1,1,1653,0,1,0,0,0,1775,1750,1720,1840,1603.375,1736.5,1626.0,1831.0,1769.0
20111104,1.13,1.13,-4.79,-1.41,7300,127.41,59.91,0.28,0.78,1,1,-1,1630,0,1,0,0,0,1750,1795,1690,1795,1600.7083333333333,1730.1666666666667,1603.0,1807.0,1787.0
20111103,-7.3,-0.28,-7.3,-0.28,3210,121.38,92.73,0.27,0.34,1,1,-1,1653,0,1,0,0,0,1775,1650,1650,1775,1598.3333333333333,1724.8333333333333,1583.0,1782.5,1824.0
20111102,-0.28,0.85,-0.85,0.85,1450,-90.49,3.57,0.25,0.16,-1,1,1,1658,0,1,0,0,0,1780,1760,1750,1780,1595.625,1720.75,1562.25,1762.5,1855.0
20111101,1.88,1.88,-5.36,-5.36,15250,-66.46,19.89,0.27,1.64,1,1,-1,1644,0,1,0,0,0,1765,1900,1765,1900,1592.9166666666667,1717.3333333333333,1541.25,1721.5,1893.0
20111031,1.81,2.07,-5.68,-3.62,45464,74.79,33.94,0.12,4.88,1,-1,-1,1737,0,1,0,0,0,1865,1970,1825,1975,1590.5416666666667,1714.3333333333333,1523.0,1688.0,1893.0
20111028,-2.07,3.11,-3.63,0.26,26010,-56.02,18.61,0.03,2.79,-1,1,1,1803,0,1,0,0,0,1935,1890,1860,1990,1588.4166666666667,1711.1666666666667,1502.75,1638.5,1827.0
20111027,-0.51,-0.25,-7.87,-2.03,59135,-57.58,49.69,0.35,6.35,1,1,-1,1798,0,1,0,0,0,1930,1960,1815,1965,1585.7083333333333,1705.4166666666667,1476.0,1581.0,1741.0
20111026,-1.7,12.46,-7.65,11.61,139388,-3.82,89.68,0.0,14.96,1,1,1,1835,0,1,0,0,0,1970,1735,1630,1985,1581.7916666666667,1699.9166666666667,1449.75,1525.5,1670.0
20111025,-2.28,14.98,-5.54,14.98,144926,471.23,93.39,0.0,15.56,-1,1,1,1644,0,1,0,0,0,1765,1500,1450,1765,1578.2083333333333,1693.8333333333333,1426.25,1465.5,1550.0
20111024,4.98,5.65,-2.99,1.99,25371,-76.45,98.1,0.33,2.72,1,1,-1,1430,0,1,0,0,0,1535,1580,1460,1590,1575.8333333333333,1689.8333333333333,1405.75,1421.0,1483.0
20111021,1.59,7.94,-9.21,-4.44,107737,140.51,57.79,0.0,11.57,-1,1,1,1402,0,1,0,0,0,1505,1600,1430,1700,1574.875,1689.8333333333333,1406.0,1399.0,1450.0
20111020,4.01,14.96,2.92,14.96,44796,47.36,227.35,0.07,4.81,1,1,1,1467,0,1,0,0,0,1575,1425,1410,1575,1574.25,1689.75,1412.25,1383.5,1421.0
20111019,-1.05,-1.05,-6.29,-4.2,30400,-40.26,26.69,0.07,3.26,1,1,-1,1276,0,1,0,0,0,1370,1415,1340,1415,1573.125,1688.5,1419.25,1362.0,1381.0
20111018,0.73,10.22,0.73,4.38,50890,234.06,82.22,0.0,5.46,-1,1,1,1332,0,1,0,0,0,1430,1380,1380,1510,1573.625,1690.6666666666667,1443.5,1361.0,1381.0
20111017,0.74,4.41,-3.31,0.74,15234,20.81,63.06,0.38,1.64,1,-1,-1,1276,0,1,0,0,0,1370,1370,1315,1420,1573.6666666666667,1691.8333333333333,1452.75,1358.0,1359.0
20111014,-3.27,-0.36,-5.45,-1.09,12610,-55.12,51.82,0.34,1.35,1,1,-1,1267,0,1,0,0,0,1360,1330,1300,1370,1574.2916666666667,1693.5,1469.25,1367.0,1348.0
20111013,0.0,4.74,-2.92,0.36,28100,-47.04,46.3,0.21,3.02,1,1,1,1281,0,1,0,0,0,1375,1370,1330,1435,1574.9166666666667,1695.3333333333333,1491.75,1371.0,1346.0
20111012,-1.52,12.5,-2.65,3.79,53061,129.29,109.23,0.0,5.7,1,1,-1,1276,0,1,0,0,0,1370,1300,1285,1485,1575.375,1696.9166666666667,1525.5,1374.0,1343.0
20111011,1.9,3.42,-2.28,0.38,23141,-46.73,46.11,0.0,2.48,1,1,1,1230,0,1,0,0,0,1320,1340,1285,1360,1576.0,1698.4166666666667,1557.0,1387.0,1341.0
20111010,0.0,0.0,-5.19,-2.59,43440,85.64,38.73,0.0,4.66,1,1,1,1225,0,1,0,0,0,1315,1350,1280,1350,1577.3333333333333,1700.75,1595.5,1390.5,1357.0
20111007,-1.1,1.84,-4.41,-0.74,23400,-33.26,27.47,0.0,2.51,1,1,1,1258,0,1,0,0,0,1350,1345,1300,1385,1578.375,1703.5833333333333,1652.5,1413.0,1386.0
20111006,0.0,4.04,-4.41,0.0,35060,-52.45,43.98,0.0,3.76,1,1,1,1267,0,1,0,0,0,1360,1360,1300,1415,1579.125,1705.8333333333333,1729.25,1441.0,1396.0
20111005,5.0,11.43,-3.21,-2.86,73726,-57.42,71.35,0.0,7.91,1,1,1,1267,0,1,0,0,0,1360,1470,1355,1560,1579.625,1708.1666666666667,1786.75,1476.5,1405.0
20111004,-0.68,4.79,-11.3,-4.11,173128,18.53,92.08,0.0,18.59,1,-1,1,1304,0,1,0,0,0,1400,1450,1295,1530,1580.125,1710.5833333333333,1852.25,1526.0,1433.0
20110930,3.21,15.0,0.0,4.29,146064,641.52,82.89,0.0,15.68,1,1,1,1360,0,1,0,0,0,1460,1445,1400,1610,1580.375,1712.9166666666667,1939.25,1547.5,1424.0
20110929,0.0,3.91,-4.27,-0.36,19698,-72.07,30.61,0.0,2.11,1,-1,1,1304,0,1,0,0,0,1400,1405,1345,1460,1580.125,1713.5833333333333,2016.5,1571.5,1440.0
20110928,-0.67,2.0,-9.33,-6.33,70519,45.01,52.48,0.0,7.57,1,1,1,1309,0,1,0,0,0,1405,1490,1360,1530,1580.4583333333333,1715.8333333333333,2077.25,1612.5,1486.0
20110927,1.85,13.65,-1.85,10.7,48630,23.32,117.26,0.0,5.22,1,1,1,1397,0,1,0,0,0,1500,1380,1330,1540,1580.5416666666667,1718.1666666666667,2120.75,1677.0,1548.0
20110926,3.57,6.49,-13.31,-12.01,39435,-45.59,53.05,0.0,4.23,1,1,1,1262,0,1,0,0,0,1355,1595,1335,1640,1579.75,1717.5833333333333,2144.75,1727.0,1619.0
20110923,-1.53,5.52,-5.83,-5.52,72476,-3.73,95.95,0.0,7.78,1,1,1,1435,0,1,0,0,0,1540,1605,1535,1720,1580.5833333333333,1719.5,2163.25,1800.5,1671.0
20110922,3.79,3.79,-7.0,-4.96,75283,-49.62,26.28,0.0,8.08,1,1,1,1518,0,1,0,0,0,1630,1780,1595,1780,1579.625,1717.9166666666667,2161.25,1892.0,1703.0
20110921,-3.77,-0.27,-8.36,-7.55,149437,71.13,42.61,0.0,16.04,1,1,-1,1598,0,1,0,0,0,1715,1785,1700,1850,1577.625,1714.8333333333333,2154.75,2017.5,1739.0
20110920,2.17,14.86,1.55,14.86,87326,116.26,50.96,0.0,9.37,1,1,1,1728,0,1,0,0,0,1855,1650,1640,1855,1574.9583333333333,1710.4166666666667,2141.5,2097.0,1806.0
20110919,-5.88,1.76,-7.06,-5.0,40381,-73.63,23.22,0.0,4.33,1,1,1,1504,0,1,0,0,0,1615,1600,1580,1730,1571.2083333333333,1703.1666666666667,2120.0,2178.5,1835.0
20110916,-6.08,-0.83,-12.43,-6.08,153160,6.7,66.47,0.0,16.44,1,1,1,1584,0,1,0,0,0,1700,1700,1585,1795,1569.75,1702.0833333333333,2112.5,2331.0,1930.0
20110915,-0.98,5.85,-12.93,-11.71,143546,-44.67,53.81,0.0,15.41,1,-1,1,1686,0,1,0,0,0,1810,2030,1785,2170,1567.1666666666667,1697.8333333333333,2102.5,2461.5,2081.0
20110914,0.0,15.0,-3.0,2.5,259424,106.77,77.55,0.0,27.85,1,1,1,1910,0,1,0,0,0,2050,2000,1940,2300,1563.875,1691.6666666666667,2084.25,2542.0,2296.0
20110909,2.63,10.05,-9.81,-4.31,125466,-43.44,85.65,0.0,13.47,1,1,-1,1863,0,1,0,0,0,2000,2145,1885,2300,1558.6666666666667,1683.0,2051.75,2564.5,2388.0
20110908,-8.35,-3.05,-14.87,-14.87,221835,39.62,58.7,0.0,23.81,1,1,1,1947,0,1,0,0,0,2090,2250,2090,2380,1554.0416666666667,1673.8333333333333,2022.25,2562.5,2522.0
20110907,10.23,10.92,-14.9,-14.9,158885,-30.2,64.73,0.0,17.06,1,1,1,2287,0,1,0,0,0,2455,3180,2455,3200,1548.9166666666667,1662.8333333333333,1988.0,2526.0,2732.0
20110906,0.0,14.94,0.0,14.94,227624,-34.11,65.28,0.0,24.44,1,1,1,2688,0,1,0,0,0,2885,2510,2510,2885,1541.125,1645.6666666666667,1935.0,2430.5,2842.0
20110905,-6.37,12.36,-14.79,-5.99,345436,-46.29,66.08,0.0,37.08,1,1,1,2338,0,1,0,0,0,2510,2500,2275,3000,1529.75,1622.0833333333333,1862.25,2292.0,2788.0
20110902,14.97,14.97,-14.97,-14.97,643119,6.64,68.54,0.0,69.04,1,-1,-1,2487,0,1,0,0,0,2670,3610,2670,3610,1520.8333333333333,1603.8333333333333,1813.25,2186.0,2741.0
20110901,-14.64,14.98,-14.64,4.49,603097,1422.47,80.92,0.0,64.74,1,1,1,2925,0,1,0,0,0,3140,2565,2565,3455,1510.7083333333333,1585.1666666666667,1758.5,2061.5,2603.0
20110831,14.91,14.91,14.91,14.91,39613,30847.66,0.0,0.0,4.25,1,1,1,2799,0,1,0,0,0,3005,3005,3005,3005,1497.0833333333333,1556.0,1680.75,1894.0,2320.0
20110830,14.95,14.95,14.95,14.95,128,-92.35,0.0,0.0,0.01,1,1,1,2436,0,1,0,0,0,2615,2615,2615,2615,1484.625,1528.5833333333333,1614.25,1743.5,2019.0
20110829,14.9,14.9,14.9,14.9,1674,-94.15,0.0,0.0,0.18,1,-1,1,2119,0,1,0,0,0,2275,2275,2275,2275,1475.1666666666667,1507.9166666666667,1563.0,1626.5,1796.0
20110826,14.78,14.78,14.78,14.78,28610,-59.25,0.0,0.0,3.07,1,1,1,1844,0,1,0,0,0,1980,1980,1980,1980,1469.0416666666667,1494.0,1529.25,1539.0,1631.0
20110825,15.0,15.0,4.67,15.0,70200,2434.3,16.59,0.0,7.54,1,1,1,1607,0,1,0,0,0,1725,1725,1570,1725,1465.0416666666667,1484.25,1510.5,1482.0,1520.0
20110824,2.67,3.33,-0.33,0.0,2770,-72.6,111.45,0.0,0.3,1,1,1,1397,0,1,0,0,0,1500,1540,1495,1550,1463.125,1478.25,1500.5,1450.0,1468.0
20110823,0.0,6.9,-0.69,3.45,10110,48.68,95.93,0.0,1.09,1,1,1,1397,0,1,0,0,0,1500,1450,1440,1550,1462.875,1475.75,1502.25,1439.5,1468.0
20110822,2.11,2.11,-3.16,1.75,6800,2.56,6.08,0.0,0.73,1,1,1,1351,0,1,0,0,0,1450,1455,1380,1455,1461.7083333333333,1474.4166666666667,1502.25,1432.5,1457.0
20110819,5.8,5.8,-5.46,-2.73,6630,119.54,21.88,0.0,0.71,1,1,1,1327,0,1,0,0,0,1425,1550,1385,1550,1461.2083333333333,1474.0833333333333,1504.75,1440.5,1447.0
20110818,-1.0,3.0,-12.0,-2.33,3020,162.61,235.56,0.0,0.32,1,1,1,1365,0,1,0,0,0,1465,1485,1320,1545,1461.3333333333333,1473.6666666666667,1508.5,1455.5,1444.0
20110817,0.0,3.81,0.0,3.81,1150,-55.43,15.0,0.0,0.12,1,1,1,1397,0,1,0,0,0,1500,1445,1445,1500,1461.0833333333333,1473.0833333333333,1510.25,1467.5,1432.0
20110816,2.14,5.0,0.36,3.21,2580,-73.2,81.69,0.0,0.28,1,1,1,1346,0,1,0,0,0,1445,1430,1405,1470,1460.8333333333333,1471.4166666666667,1508.75,1485.0,1411.0
20110812,0.0,3.55,-4.26,-0.71,9626,3910.83,28.84,0.0,1.03,1,1,1,1304,0,1,0,0,0,1400,1410,1350,1460,1460.1666666666667,1470.3333333333333,1510.0,1499.5,1408.0
20110811,-2.85,0.36,-6.76,0.36,240,-95.17,84.62,0.0,0.03,1,1,1,1313,0,1,0,0,0,1410,1365,1310,1410,1459.8333333333333,1469.5,1513.5,1519.5,1434.0
20110810,0.36,4.66,-5.38,0.72,4970,-55.43,117.98,0.0,0.53,1,1,1,1309,0,1,0,0,0,1405,1400,1320,1460,1460.5833333333333,1470.0,1516.0,1539.0,1467.0
20110809,0.0,0.35,-14.69,-2.45,11150,-45.98,57.04,0.0,1.2,1,1,1,1300,0,1,0,0,0,1395,1430,1220,1435,1460.9583333333333,1470.25,1518.75,1551.0,1503.0
20110808,-1.63,-1.63,-13.73,-6.54,20640,667.29,16.87,0.0,2.22,1,1,1,1332,0,1,0,0,0,1430,1505,1320,1505,1462.0,1471.25,1523.25,1565.0,1559.0
20110805,-0.32,-0.32,-6.67,-2.86,2690,57.31,31.22,0.0,0.29,1,1,1,1425,0,1,0,0,0,1530,1570,1470,1570,1462.2083333333333,1471.8333333333333,1526.0,1572.0,1591.0
20110804,-4.1,-0.32,-4.1,-0.63,1710,-85.55,20.42,0.0,0.18,1,1,1,1467,0,1,0,0,0,1575,1520,1520,1580,1462.2083333333333,1470.5,1524.5,1569.0,1605.0
20110803,-2.09,-0.9,-8.06,-5.37,11830,-84.88,32.54,0.0,1.27,1,1,1,1476,0,1,0,0,0,1585,1640,1540,1660,1463.2083333333333,1468.5,1521.0,1561.5,1611.0
20110802,-0.31,11.32,-0.31,5.35,78240,3201.27,150.26,0.0,8.4,1,1,1,1560,0,1,0,0,0,1675,1585,1585,1770,1464.125,1466.75,1518.75,1553.0,1599.0
20110801,5.94,5.94,-2.19,-0.62,2370,-42.89,35.43,0.0,0.25,1,1,1,1481,0,1,0,0,0,1590,1695,1565,1695,1464.2916666666667,1465.6666666666667,1510.0,1532.5,1571.0
20110729,-0.31,4.67,-5.3,-0.31,4150,-85.43,20.6,0.0,0.45,1,1,1,1490,0,1,0,0,0,1600,1600,1520,1680,1465.1666666666667,1466.0,1507.25,1520.5,1553.0
20110728,-2.62,14.75,-2.62,5.25,28490,242.43,88.39,0.0,3.06,1,1,1,1495,0,1,0,0,0,1605,1485,1485,1750,1465.9583333333333,1463.6666666666667,1504.5,1507.5,1533.0
20110727,0.98,4.23,-3.58,-0.65,8320,27633.33,29.94,0.0,0.89,1,1,1,1421,0,1,0,0,0,1525,1550,1480,1600,1466.7083333333333,1462.5833333333333,1497.5,1493.0,1512.0
20110726,0.0,2.33,0.0,2.33,30,-66.67,0.0,0.0,0.0,1,1,1,1430,0,1,0,0,0,1535,1500,1500,1535,1468.125,1461.8333333333333,1494.75,1486.5,1507.0
20110725,0.0,0.0,-2.33,0.0,90,-94.64,200.0,0.0,0.01,1,1,1,1397,0,1,0,0,0,1500,1500,1465,1500,1469.4583333333333,1459.9166666666667,1490.25,1481.5,1494.0
20110722,-2.33,0.0,-3.0,0.0,1680,154.55,257.45,0.0,0.18,1,1,1,1397,0,1,0,0,0,1500,1465,1455,1500,1471.0833333333333,1458.75,1487.5,1480.0,1488.0
20110721,-0.67,10.0,-0.67,0.0,660,-25.0,175.0,0.0,0.07,1,1,1,1397,0,1,0,0,0,1500,1490,1490,1650,1473.0,1457.75,1485.0,1480.0,1482.0
20110720,-0.68,2.04,-1.36,2.04,880,-55.33,39.68,0.0,0.09,1,1,1,1397,0,1,0,0,0,1500,1460,1450,1500,1474.7083333333333,1456.5833333333333,1481.0,1480.5,1474.0
20110719,0.0,1.36,-1.02,0.0,1970,3183.33,34.93,0.0,0.21,1,1,1,1369,0,1,0,0,0,1470,1470,1455,1490,1476.0833333333333,1455.5,1483.5,1484.5,1466.0
20110718,-2.72,0.0,-2.72,0.0,60,-94.23,20.0,0.0,0.01,1,1,1,1369,0,1,0,0,0,1470,1430,1430,1470,1477.5,1455.0833333333333,1482.25,1487.5,1469.0
20110715,0.0,0.68,0.0,0.68,1040,1980.0,0.0,0.0,0.11,1,1,1,1369,0,1,0,0,0,1470,1460,1460,1470,1478.8333333333333,1454.5,1480.75,1494.0,1472.0
20110714,0.0,0.0,-2.05,0.0,50,-97.65,150.0,0.0,0.01,1,1,1,1360,0,1,0,0,0,1460,1460,1430,1460,1481.9583333333333,1453.8333333333333,1483.75,1501.5,1478.0
20110713,-1.68,-1.68,-3.7,-1.68,2130,10550.0,33.96,0.0,0.23,1,1,1,1360,0,1,0,0,0,1460,1460,1430,1460,1485.3333333333333,1453.5833333333333,1483.25,1502.0,1487.0
20110712,0.67,0.67,0.0,0.0,20,-91.67,100.0,0.0,0.0,1,1,1,1383,0,1,0,0,0,1485,1495,1485,1495,1488.8333333333333,1453.9166666666667,1481.75,1503.0,1503.0
20110711,0.0,0.0,-2.67,-1.0,240,-86.59,200.0,0.0,0.03,1,1,1,1383,0,1,0,0,0,1485,1500,1460,1500,1492.2083333333333,1453.1666666666667,1478.75,1499.0,1506.0
20110708,-0.33,0.0,-4.32,-0.33,1790,1178.57,188.71,0.0,0.19,1,1,1,1397,0,1,0,0,0,1500,1500,1440,1505,1495.625,1452.4166666666667,1478.0,1495.0,1516.0
20110707,-0.65,-0.65,-2.6,-2.27,140,0.0,0.0,0.0,0.02,1,1,1,1402,0,1,0,0,0,1505,1530,1500,1530,1499.3333333333333,1451.0833333333333,1473.75,1490.0,1525.0
20110706,-3.33,2.67,-3.33,2.67,140,-65.0,366.67,0.0,0.02,1,1,1,1435,0,1,0,0,0,1540,1450,1450,1540,1502.9583333333333,1449.6666666666667,1476.0,1481.5,1517.0
20110705,0.0,0.0,-4.23,-2.28,400,344.44,566.67,0.0,0.04,1,1,1,1397,0,1,0,0,0,1500,1535,1470,1535,1505.8333333333333,1447.8333333333333,1468.5,1482.5,1503.0
20110704,-1.94,-0.65,-1.94,-0.65,90,-89.02,0.0,0.0,0.01,1,1,1,1430,0,1,0,0,0,1535,1515,1515,1535,1508.6666666666667,1446.6666666666667,1461.5,1477.0,1492.0
20110701,-3.07,5.46,-3.07,5.46,820,0.0,310.0,0.0,0.09,1,1,1,1439,0,1,0,0,0,1545,1420,1420,1545,1510.25,1445.0833333333333,1453.5,1467.5,1474.0
20110630,-0.34,-0.34,-0.34,-0.34,0,-100.0,0.0,0.0,0.0,1,1,1,1365,0,1,0,0,0,1465,1465,1465,1465,1511.5833333333333,1442.9166666666667,1448.25,1466.0,1455.0
20110629,0.35,1.73,-1.38,1.73,3450,4212.5,12.01,0.0,0.37,1,1,1,1369,0,1,0,0,0,1470,1450,1425,1470,1512.9583333333333,1441.9166666666667,1444.75,1464.5,1446.0
20110628,-1.04,0.0,-1.04,0.0,80,-70.37,33.33,0.0,0.01,1,1,1,1346,0,1,0,0,0,1445,1430,1430,1445,1514.3333333333333,1441.6666666666667,1439.5,1460.5,1462.0
20110627,0.0,0.69,-2.41,-0.34,270,575.0,68.75,0.0,0.03,1,1,1,1346,0,1,0,0,0,1445,1450,1415,1460,1515.8333333333333,1441.3333333333333,1434.75,1458.5,1462.0
20110624,1.06,2.11,1.06,2.11,40,-99.0,0.0,0.0,0.0,1,1,1,1351,0,1,0,0,0,1450,1435,1435,1450,1517.125,1440.4166666666667,1433.5,1461.0,1461.0
20110623,-0.32,-0.32,-9.03,-8.39,3990,1008.33,32.56,0.0,0.43,1,1,1,1323,0,1,0,0,0,1420,1545,1410,1545,1517.7916666666667,1439.5,1432.5,1457.5,1477.0
20110622,-1.38,7.27,-2.42,7.27,360,-57.65,128.57,0.0,0.04,1,1,1,1444,0,1,0,0,0,1550,1425,1410,1550,1518.5,1439.25,1431.5,1470.5,1483.0
20110621,1.39,1.39,-3.47,0.35,850,-32.0,32.81,0.0,0.09,1,1,1,1346,0,1,0,0,0,1445,1460,1390,1460,1518.625,1437.4166666666667,1425.5,1454.5,1459.0
20110620,-4.58,-4.58,-8.5,-5.88,1250,-84.18,4.17,0.0,0.13,1,1,1,1341,0,1,0,0,0,1440,1460,1400,1460,1519.3333333333333,1436.5,1423.25,1446.0,1455.0
20110617,-3.45,6.21,-4.83,5.52,7900,194.78,29.72,0.0,0.85,1,1,1,1425,0,1,0,0,0,1530,1400,1380,1540,1520.1666666666667,1436.0833333333333,1420.25,1439.5,1461.0
20110616,0.0,1.4,-2.1,1.4,2680,248.05,793.33,0.0,0.29,1,1,1,1351,0,1,0,0,0,1450,1430,1400,1450,1520.625,1434.3333333333333,1411.25,1430.5,1438.0
20110615,0.35,0.7,-2.46,0.35,770,-87.99,352.94,0.0,0.08,1,1,1,1332,0,1,0,0,0,1430,1430,1390,1435,1521.875,1434.25,1410.75,1425.0,1458.0
20110614,-2.72,0.68,-5.78,-3.06,6410,-65.52,35.81,0.0,0.69,1,1,1,1327,0,1,0,0,0,1425,1430,1385,1480,1523.2916666666667,1435.0,1410.25,1418.5,1450.0
20110613,-3.18,13.07,-3.18,3.89,18590,92.44,47.79,0.0,2.0,1,1,1,1369,0,1,0,0,0,1470,1370,1370,1600,1524.9166666666667,1436.5833333333333,1411.75,1411.0,1437.0
20110610,-3.23,0.0,-9.03,-8.71,9660,-23.76,25.36,0.0,1.04,1,1,1,1318,0,1,0,0,0,1415,1500,1410,1550,1526.0833333333333,1437.4166666666667,1411.5,1406.0,1418.0
20110609,-2.16,14.75,-2.16,11.51,12670,7818.75,584.86,0.0,1.36,1,1,1,1444,0,1,0,0,0,1550,1360,1360,1595,1527.7916666666667,1437.8333333333333,1413.25,1407.5,1423.0
20110608,0.37,2.21,0.37,2.21,160,-94.29,6.67,0.0,0.02,1,1,1,1295,0,1,0,0,0,1390,1365,1365,1390,1528.5416666666667,1436.25,1408.5,1392.5,1392.0
20110607,-2.55,12.73,-3.27,-1.09,2800,-24.12,140.91,0.0,0.3,1,1,1,1267,0,1,0,0,0,1360,1340,1330,1550,1530.5,1438.1666666666667,1413.0,1396.5,1387.0
20110603,-6.25,-4.51,-12.15,-4.51,3690,57.02,34.18,0.0,0.4,1,1,1,1281,0,1,0,0,0,1375,1350,1265,1375,1532.5416666666667,1440.6666666666667,1425.5,1400.5,1385.0
20110602,-6.81,3.23,-6.81,3.23,2350,183.13,15.76,0.0,0.25,1,1,1,1341,0,1,0,0,0,1440,1300,1300,1440,1534.5833333333333,1442.4166666666667,1437.25,1401.0,1394.0
20110601,-0.73,2.2,-3.3,2.2,830,8200.0,4050.0,0.0,0.09,1,1,1,1300,0,1,0,0,0,1395,1355,1320,1395,1536.25,1444.0833333333333,1438.25,1392.0,1392.0
20110531,1.11,1.11,1.11,1.11,10,-99.29,0.0,0.0,0.0,1,1,1,1272,0,1,0,0,0,1365,1365,1365,1365,1538.2083333333333,1445.8333333333333,1445.5,1396.5,1393.0
20110530,-2.82,1.41,-4.93,-4.93,1400,438.46,6.98,0.0,0.15,1,1,1,1258,0,1,0,0,0,1350,1380,1350,1440,1540.75,1448.0,1451.25,1402.0,1406.0
20110527,-4.2,0.0,-4.2,-0.7,260,-36.59,420.0,0.0,0.03,1,1,1,1323,0,1,0,0,0,1420,1370,1370,1430,1543.25,1450.0,1454.75,1412.5,1416.0
20110526,-6.43,2.14,-6.43,2.14,410,-91.39,412.5,0.0,0.04,1,1,1,1332,0,1,0,0,0,1430,1310,1310,1430,1545.0416666666667,1449.0,1455.25,1417.0,1408.0
20110525,-3.5,-0.7,-9.09,-2.1,4760,107.86,25.59,0.0,0.51,1,1,1,1304,0,1,0,0,0,1400,1380,1300,1420,1546.7916666666667,1448.3333333333333,1455.75,1419.0,1392.0
20110524,1.07,6.07,0.0,2.14,2290,11350.0,148.91,0.0,0.25,1,1,1,1332,0,1,0,0,0,1430,1415,1400,1485,1548.9583333333333,1449.0,1457.25,1424.5,1400.0
20110523,1.45,1.45,1.45,1.45,20,-99.53,0.0,0.0,0.0,1,1,1,1304,0,1,0,0,0,1400,1400,1400,1400,1550.7916666666667,1449.0833333333333,1457.5,1429.5,1398.0
20110520,0.0,4.44,-2.22,2.22,4300,43.81,62.88,0.0,0.46,1,1,1,1286,0,1,0,0,0,1380,1350,1320,1410,1552.9166666666667,1450.25,1459.75,1450.5,1409.0
20110519,-1.39,-0.69,-8.33,-6.25,2990,29800.0,48.02,0.0,0.32,1,1,1,1258,0,1,0,0,0,1350,1420,1320,1430,1555.625,1450.0,1462.5,1473.5,1426.0
20110518,1.41,1.41,1.41,1.41,10,-98.57,0.0,0.0,0.0,1,1,1,1341,0,1,0,0,0,1440,1440,1440,1440,1558.6666666666667,1450.1666666666667,1466.5,1484.5,1446.0
20110517,-0.34,1.03,-2.41,-2.41,700,-40.68,438.46,0.0,0.08,1,1,1,1323,0,1,0,0,0,1420,1450,1420,1470,1560.75,1451.1666666666667,1466.75,1494.5,1449.0
20110516,-3.41,0.0,-7.85,-0.68,1180,96.67,14.56,0.0,0.13,1,1,1,1355,0,1,0,0,0,1455,1415,1350,1465,1562.375,1451.6666666666667,1469.75,1500.5,1461.0
20110513,-2.41,1.72,-2.76,1.03,600,-86.78,50.0,0.0,0.06,1,1,1,1365,0,1,0,0,0,1465,1415,1410,1475,1564.5833333333333,1452.75,1469.0,1497.0,1492.0
20110512,3.09,3.09,-3.78,-0.34,4540,-44.63,3.89,0.0,0.49,1,1,1,1351,0,1,0,0,0,1450,1500,1400,1500,1565.7916666666667,1452.5833333333333,1467.75,1493.5,1521.0
20110511,-1.01,1.01,-3.72,-1.69,8200,-27.63,3.93,0.0,0.88,1,1,1,1355,0,1,0,0,0,1455,1465,1425,1495,1568.2083333333333,1453.9166666666667,1466.25,1492.5,1523.0
20110509,0.0,3.73,-9.01,-8.07,11330,-24.57,17.4,0.0,1.22,1,-1,1,1379,0,1,0,0,0,1480,1610,1465,1670,1573.125,1457.9166666666667,1464.5,1490.0,1540.0
20110506,-0.93,4.97,-6.83,0.0,15020,21.72,84.73,0.0,1.61,1,1,1,1500,0,1,0,0,0,1610,1595,1500,1690,1580.8333333333333,1461.5,1462.0,1485.5,1540.0
20110504,2.74,10.96,-0.68,10.27,12340,2769.77,132.36,0.0,1.32,1,1,1,1500,0,1,0,0,0,1610,1500,1450,1620,1589.75,1462.9166666666667,1453.0,1469.0,1502.0
20110503,-3.9,-1.95,-9.42,-5.19,430,-91.31,26.47,0.0,0.05,1,1,1,1360,0,1,0,0,0,1460,1480,1395,1510,1601.2916666666667,1464.3333333333333,1444.5,1451.5,1466.0
20110502,-0.34,7.43,-0.34,4.05,4950,-10.81,888.0,0.0,0.53,1,1,1,1435,0,1,0,0,0,1540,1475,1475,1590,1610.8333333333333,1468.25,1442.25,1448.5,1462.0
20110429,1.41,11.97,0.7,4.23,5550,0.0,210.06,0.0,0.6,1,1,1,1379,0,1,0,0,0,1480,1440,1430,1590,1623.5,1470.8333333333333,1435.5,1439.0,1440.0
20110428,-0.7,-0.7,-0.7,-0.7,0,-100.0,0.0,0.0,0.0,1,1,1,1323,0,1,0,0,0,1420,1420,1420,1420,1633.375,1474.4166666666667,1434.25,1439.0,1431.0
20110427,0.69,0.69,-3.47,-0.69,390,3800.0,21.88,0.0,0.04,1,1,1,1332,0,1,0,0,0,1430,1450,1390,1450,1640.875,1479.0,1434.5,1441.0,1436.0
20110426,0.7,0.7,0.7,0.7,10,-99.83,0.0,0.0,0.0,1,1,1,1341,0,1,0,0,0,1440,1440,1440,1440,1648.4166666666667,1483.4166666666667,1432.5,1442.0,1437.0
20110425,0.0,0.0,-2.44,-0.35,5730,272.08,2.63,0.0,0.62,1,1,1,1332,0,1,0,0,0,1430,1435,1400,1435,1654.3333333333333,1488.25,1430.25,1440.0,1435.0
20110422,-3.11,-0.69,-3.11,-0.69,1540,73.03,2980.0,0.0,0.17,1,1,1,1337,0,1,0,0,0,1435,1400,1400,1435,1660.3333333333333,1492.8333333333333,1429.0,1439.0,1438.0
20110421,-7.32,0.7,-7.32,0.7,890,1383.33,2125.0,0.0,0.1,1,1,1,1346,0,1,0,0,0,1445,1330,1330,1445,1667.5416666666667,1496.6666666666667,1429.25,1438.5,1447.0
20110420,0.0,0.35,0.0,0.35,60,-93.81,0.0,0.0,0.01,1,1,1,1337,0,1,0,0,0,1435,1430,1430,1435,1674.9583333333333,1499.9166666666667,1426.5,1437.0,1446.0
20110419,7.27,7.27,-12.11,-1.04,970,1840.0,2.11,0.0,0.1,1,1,1,1332,0,1,0,0,0,1430,1550,1270,1550,1682.5416666666667,1503.1666666666667,1425.5,1437.5,1447.0
20110418,-2.36,-2.36,-2.36,-2.36,50,-94.85,0.0,0.0,0.01,1,1,1,1346,0,1,0,0,0,1445,1445,1445,1445,1689.5416666666667,1510.0833333333333,1425.25,1436.0,1445.0
20110415,-2.78,2.78,-2.78,2.78,970,1112.5,4600.0,0.0,0.1,1,1,1,1379,0,1,0,0,0,1480,1400,1400,1480,1696.25,1517.0833333333333,1425.25,1432.0,1440.0
20110414,0.0,0.0,-1.74,0.0,80,-74.19,300.0,0.0,0.01,1,1,1,1341,0,1,0,0,0,1440,1440,1415,1440,1702.5416666666667,1523.75,1425.0,1429.5,1430.0
20110413,-1.41,1.41,-2.82,1.41,310,-75.4,34.78,0.0,0.03,1,1,1,1341,0,1,0,0,0,1440,1400,1380,1440,1708.2083333333333,1531.25,1429.0,1428.0,1428.0
20110412,-0.7,0.0,-0.7,0.0,1260,-51.48,51.81,0.0,0.14,1,1,1,1323,0,1,0,0,0,1420,1410,1410,1420,1713.5,1538.8333333333333,1433.0,1423.0,1428.0
20110411,1.05,1.75,-2.1,-0.7,2597,-30.0,12.06,0.0,0.28,1,1,1,1323,0,1,0,0,0,1420,1445,1400,1455,1720.5,1547.5833333333333,1434.0,1420.5,1427.0
20110408,0.0,2.8,-0.7,0.0,3710,876.32,68.98,0.0,0.4,1,1,1,1332,0,1,0,0,0,1430,1430,1420,1470,1727.5,1556.25,1435.75,1419.0,1424.0
20110407,1.39,1.39,-1.74,-0.69,380,-80.14,34.62,0.0,0.04,1,1,1,1332,0,1,0,0,0,1430,1460,1415,1460,1733.625,1563.8333333333333,1439.5,1420.0,1429.0
20110406,0.0,2.47,0.0,1.77,1913,-80.87,207.27,0.0,0.21,1,1,1,1341,0,1,0,0,0,1440,1415,1415,1450,1739.7916666666667,1570.6666666666667,1443.5,1416.0,1428.0
20110405,0.0,3.2,-0.71,0.71,10000,604.23,25.31,0.0,1.07,1,1,1,1318,0,1,0,0,0,1415,1405,1395,1450,1746.1666666666667,1575.4166666666667,1445.5,1413.5,1418.0
20110404,0.34,0.34,-3.44,-3.44,1420,-58.84,69.05,0.0,0.15,1,1,1,1309,0,1,0,0,0,1405,1460,1405,1460,1753.5,1580.25,1451.75,1414.5,1414.0
20110401,0.0,2.11,0.0,2.11,3450,61.21,0.0,0.0,0.37,1,1,1,1355,0,1,0,0,0,1455,1425,1425,1455,1760.4583333333333,1584.0,1456.5,1418.5,1414.0
20110331,0.72,6.12,-0.72,2.52,2140,65.89,92.79,0.0,0.23,1,1,1,1327,0,1,0,0,0,1425,1400,1380,1475,1766.9583333333333,1587.0,1458.5,1420.5,1411.0
20110330,-0.72,-0.36,-2.87,-0.36,1290,-40.0,180.43,0.0,0.14,1,1,1,1295,0,1,0,0,0,1390,1385,1355,1390,1774.3333333333333,1590.3333333333333,1460.75,1430.0,1404.0
20110329,1.78,3.2,-1.78,-0.71,2150,58.09,116.16,0.0,0.23,1,1,1,1300,0,1,0,0,0,1395,1430,1380,1450,1782.0,1593.8333333333333,1459.25,1443.0,1409.0
20110328,-1.04,-1.04,-3.82,-2.43,1360,-89.93,111.29,0.0,0.15,1,-1,1,1309,0,1,0,0,0,1405,1425,1385,1425,1789.7083333333333,1596.0833333333333,1459.0,1447.5,1415.0
20110325,3.24,5.76,1.8,3.6,13500,5525.0,105.31,0.0,1.45,1,1,1,1341,0,1,0,0,0,1440,1435,1415,1470,1796.3333333333333,1597.75,1460.75,1452.5,1423.0
20110324,1.41,1.41,-1.77,-1.77,240,-95.53,140.0,0.0,0.03,1,1,1,1295,0,1,0,0,0,1390,1435,1390,1435,1802.5416666666667,1599.8333333333333,1460.5,1459.0,1430.0
20110323,3.86,3.86,-1.75,-0.7,5371,145.25,90.62,0.0,0.58,1,1,1,1318,0,1,0,0,0,1415,1480,1400,1480,1808.9166666666667,1602.1666666666667,1464.5,1471.0,1456.0
20110322,-0.69,0.35,-1.38,-1.38,2190,46.0,46.0,0.0,0.24,1,1,1,1327,0,1,0,0,0,1425,1435,1425,1450,1815.5416666666667,1604.25,1462.0,1477.5,1477.0
20110321,-2.37,-2.03,-2.37,-2.03,1500,-50.0,0.72,0.0,0.16,1,1,1,1346,0,1,0,0,0,1445,1440,1440,1445,1820.8333333333333,1606.9166666666667,1458.75,1489.0,1480.0
20110318,3.95,3.95,-7.89,-2.96,3000,0.0,57.37,0.0,0.32,1,1,1,1374,0,1,0,0,0,1475,1580,1400,1580,1825.625,1609.5,1461.5,1494.5,1482.0
20110317,0.0,0.0,0.0,0.0,0,-100.0,0.0,0.0,0.0,1,1,1,1416,0,1,0,0,0,1520,1520,1520,1520,1831.6666666666667,1611.5833333333333,1460.25,1496.5,1488.0
20110316,1.39,7.64,1.39,5.56,2370,-76.92,0.0,0.0,0.25,1,1,1,1416,0,1,0,0,0,1520,1460,1460,1550,1836.875,1613.25,1460.25,1491.5,1486.0
20110315,0.69,11.68,-5.84,-1.03,10270,88.79,36.74,0.0,1.1,1,1,1,1341,0,1,0,0,0,1440,1465,1370,1625,1842.2083333333333,1614.75,1457.0,1475.5,1478.0
20110314,-2.33,11.63,-5.98,-3.32,5440,-57.03,233.76,0.0,0.58,1,1,1,1355,0,1,0,0,0,1455,1470,1415,1680,1847.4166666666667,1617.75,1461.5,1470.5,1498.0
20110311,2.32,14.9,-3.97,-0.33,12661,429.75,73.36,0.0,1.36,1,-1,1,1402,0,1,0,0,0,1505,1545,1450,1735,1852.9583333333333,1620.8333333333333,1473.5,1469.0,1507.0
20110310,-1.69,10.81,-2.36,2.03,2390,3.02,2887.5,0.0,0.26,1,1,1,1407,0,1,0,0,0,1510,1455,1445,1640,1858.3333333333333,1622.8333333333333,1483.0,1462.0,1505.0
20110309,0.0,1.95,-6.49,-3.9,2320,-32.16,123.08,0.0,0.25,1,1,1,1379,0,1,0,0,0,1480,1540,1440,1570,1863.875,1624.4166666666667,1492.25,1458.0,1497.0
20110308,-3.0,6.0,-4.0,2.67,3420,2180.0,52.91,0.0,0.37,1,-1,1,1435,0,1,0,0,0,1540,1455,1440,1590,1870.1666666666667,1626.75,1503.0,1446.5,1473.0
20110307,-3.68,0.33,-3.68,0.33,150,-78.87,66.67,0.0,0.02,1,1,1,1397,0,1,0,0,0,1500,1440,1440,1500,1876.4583333333333,1628.4166666666667,1510.75,1428.5,1443.0
20110304,0.0,8.16,-3.74,1.7,710,-88.05,133.33,0.0,0.08,1,1,1,1393,0,1,0,0,0,1495,1470,1415,1590,1882.375,1630.5833333333333,1520.5,1428.5,1431.0
20110303,0.74,14.71,0.74,8.09,5940,-62.07,1348.78,0.0,0.64,1,1,1,1369,0,1,0,0,0,1470,1370,1370,1560,1888.4166666666667,1633.5,1530.5,1424.0,1419.0
20110302,0.72,2.16,-4.68,-2.16,15660,7357.14,224.48,0.0,1.68,1,1,1,1267,0,1,0,0,0,1360,1400,1325,1420,1894.6666666666667,1636.5,1541.75,1429.0,1419.0
20110228,0.69,2.08,-4.17,-3.47,210,-93.14,800.0,0.0,0.02,1,1,1,1295,0,1,0,0,0,1390,1450,1380,1470,1901.875,1641.0833333333333,1558.5,1438.5,1420.0
20110225,0.0,3.83,-2.44,0.35,3061,-16.46,54.82,0.0,0.33,1,1,1,1341,0,1,0,0,0,1440,1435,1400,1490,1909.25,1645.25,1575.5,1452.5,1414.0
20110224,-4.08,-0.34,-4.42,-2.38,3664,-35.99,55.98,0.0,0.39,1,1,1,1337,0,1,0,0,0,1435,1410,1405,1465,1916.4583333333333,1648.9166666666667,1588.75,1478.0,1426.0
20110223,-0.37,13.55,-2.93,7.69,5724,-53.44,88.78,0.0,0.61,1,-1,1,1369,0,1,0,0,0,1470,1360,1325,1550,1923.625,1652.5,1600.25,1504.0,1429.0
20110222,-4.41,9.56,-4.41,0.37,12293,112.83,244.26,0.0,1.32,1,-1,1,1272,0,1,0,0,0,1365,1300,1300,1490,1930.5416666666667,1655.5833333333333,1608.75,1526.5,1439.0
20110221,-1.33,-1.33,-12.67,-9.33,5776,23.16,85.81,0.0,0.62,1,-1,1,1267,0,1,0,0,0,1360,1480,1310,1480,1938.5,1661.25,1622.0,1559.5,1457.0
20110218,-2.76,3.45,-6.9,3.45,4690,-18.89,65.72,0.0,0.5,1,1,1,1397,0,1,0,0,0,1500,1410,1350,1500,1945.1666666666667,1667.1666666666667,1646.25,1593.0,1491.0
20110217,-0.66,-0.66,-7.57,-4.61,5782,-24.91,37.8,0.0,0.62,1,1,1,1351,0,1,0,0,0,1450,1510,1405,1510,1950.9583333333333,1670.3333333333333,1664.5,1612.5,1530.0
20110216,6.53,6.53,-5.84,4.47,7700,-77.08,53.69,0.0,0.83,1,1,1,1416,0,1,0,0,0,1520,1550,1370,1550,1957.2916666666667,1673.0833333333333,1686.0,1637.0,1579.0
20110215,-3.27,-1.96,-9.8,-4.9,33589,-64.87,124.92,0.0,3.61,1,1,1,1355,0,1,0,0,0,1455,1480,1380,1500,1963.0416666666667,1676.4166666666667,1704.5,1654.5,1614.0
20110214,0.0,0.0,-15.0,-15.0,95600,0.0,99.77,0.0,10.26,1,1,1,1425,0,1,0,0,0,1530,1800,1530,1800,1969.5,1679.0,1726.5,1678.5,1662.0
20110211,0.0,0.0,0.0,0.0,0,0.0,0.0,0.0,0.0,1,1,1,1579,0,1,0,0,0,1695,1695,1695,1695,1976.75,1682.5,1747.25,1698.5,1695.0
20110210,0.0,0.0,0.0,0.0,0,0.0,0.0,0.0,0.0,1,1,1,1579,0,1,0,0,0,1695,1695,1695,1695,1982.625,1688.3333333333333,1759.5,1699.5,1695.0
20110209,0.0,0.0,0.0,0.0,0,0.0,0.0,0.0,0.0,1,1,1,1579,0,1,0,0,0,1695,1695,1695,1695,1989.75,1700.1666666666667,1769.0,1696.5,1695.0
20110208,0.0,0.0,0.0,0.0,0,0.0,0.0,0.0,0.0,1,1,1,1579,0,1,0,0,0,1695,1695,1695,1695,1996.9583333333333,1716.5833333333333,1776.25,1691.0,1695.0
20110207,0.0,0.0,0.0,0.0,0,0.0,0.0,0.0,0.0,1,1,1,1579,0,1,0,0,0,1695,1695,1695,1695,2004.3333333333333,1738.25,1777.75,1684.5,1695.0
20110201,0.0,0.0,0.0,0.0,0,0.0,0.0,0.0,0.0,1,1,1,1579,0,1,0,0,0,1695,1695,1695,1695,2012.5833333333333,1753.4166666666667,1778.25,1699.5,1702.0
20110131,0.0,0.0,0.0,0.0,0,0.0,0.0,0.0,0.0,1,1,1,1579,0,1,0,0,0,1695,1695,1695,1695,2020.0,1776.1666666666667,1775.0,1716.5,1704.0
20110128,0.0,0.0,0.0,0.0,0,-100.0,0.0,0.0,0.0,1,1,1,1579,0,1,0,0,0,1695,1695,1695,1695,2028.9166666666667,1792.3333333333333,1772.0,1735.0,1698.0
20110127,-2.89,0.0,-6.65,-2.02,5920,-50.91,31.69,0.0,0.64,1,1,1,1579,0,1,0,0,0,1695,1680,1615,1730,2035.875,1802.75,1768.5,1754.5,1687.0
20110126,-2.35,4.99,-2.35,1.47,12060,743.36,155.22,0.0,1.29,1,1,1,1612,0,1,0,0,0,1730,1665,1665,1790,2040.0833333333333,1813.4166666666667,1763.75,1774.5,1674.0
20110125,1.2,3.0,0.6,2.4,1430,-64.34,0.0,0.0,0.15,1,1,1,1588,0,1,0,0,0,1705,1685,1675,1715,2044.5416666666667,1820.4166666666667,1753.75,1796.0,1697.0
20110124,-3.05,1.52,-3.05,1.52,4010,-37.05,2022.22,0.0,0.43,1,-1,1,1551,0,1,0,0,0,1665,1590,1590,1665,2050.2083333333335,1827.8333333333333,1743.75,1819.5,1729.0
20110121,-1.84,1.23,-1.84,0.61,6370,-82.36,42.78,0.0,0.68,1,1,1,1528,0,1,0,0,0,1640,1600,1600,1650,2058.0,1838.4166666666667,1738.75,1841.5,1772.0
20110120,1.9,1.9,-11.65,-11.65,36120,192.94,65.71,0.0,3.88,1,1,1,1518,0,1,0,0,0,1630,1880,1630,1880,2066.0833333333335,1850.0,1733.25,1861.5,1822.0
20110119,-2.41,1.34,-3.49,-1.07,12330,247.32,17.65,0.0,1.32,1,1,1,1719,0,1,0,0,0,1845,1820,1800,1890,2074.3333333333335,1861.9166666666667,1728.75,1871.0,1875.0
20110118,-3.72,-0.8,-4.26,-0.8,3550,-8.74,11.29,0.0,0.38,1,1,1,1737,0,1,0,0,0,1865,1810,1800,1865,2079.75,1869.0,1715.75,1857.0,1895.0
20110117,2.12,2.12,-4.76,-0.53,3890,-37.36,4.08,0.0,0.42,1,1,1,1751,0,1,0,0,0,1880,1930,1800,1930,2085.0,1875.4166666666667,1702.5,1833.5,1910.0
20110114,-1.32,-0.26,-3.96,-0.26,6210,-74.7,39.86,0.0,0.67,1,1,1,1761,0,1,0,0,0,1890,1870,1820,1890,2091.0833333333335,1881.3333333333333,1688.5,1809.0,1911.0
20110113,-2.83,-2.31,-11.31,-2.57,24543,2282.82,33.08,0.0,2.63,1,1,1,1765,0,1,0,0,0,1895,1890,1725,1900,2097.0,1885.1666666666667,1675.0,1782.5,1901.0
20110112,-2.06,0.26,-5.15,0.26,1030,-89.91,68.85,0.0,0.11,1,1,1,1812,0,1,0,0,0,1945,1900,1840,1945,2105.3333333333335,1888.1666666666667,1660.75,1753.0,1867.0
20110111,-5.57,3.45,-5.57,2.92,10210,152.1,418.27,0.0,1.1,1,1,1,1807,0,1,0,0,0,1940,1780,1780,1950,2112.375,1893.4166666666667,1644.5,1711.5,1819.0
20110110,0.0,8.15,-4.08,2.45,4050,-71.93,162.5,0.0,0.43,1,1,1,1756,0,1,0,0,0,1885,1840,1765,1990,2119.4583333333335,1898.75,1629.5,1668.0,1757.0
20110107,5.51,6.67,2.61,6.67,14430,114.09,125.82,0.0,1.55,1,1,1,1714,0,1,0,0,0,1840,1820,1770,1840,2124.0833333333335,1903.4166666666667,1616.5,1636.0,1707.0
20110106,-0.59,1.47,-2.05,1.17,6740,-75.19,266.3,0.0,0.72,1,1,1,1607,0,1,0,0,0,1725,1695,1670,1730,2130.2916666666665,1908.9166666666667,1604.75,1605.0,1664.0
20110105,-1.23,9.82,-1.23,4.6,27162,474.25,664.99,0.0,2.92,1,1,1,1588,0,1,0,0,0,1705,1610,1610,1790,2140.6666666666665,1916.9166666666667,1599.5,1586.5,1639.0
20110104,-2.14,2.75,-2.14,-0.31,4730,-26.11,20.97,0.0,0.51,1,1,1,1518,0,1,0,0,0,1630,1600,1600,1680,2151.25,1926.75,1596.25,1574.5,1604.0
20110103,-1.54,0.92,-1.54,0.62,6401,-73.99,16.54,0.0,0.69,1,-1,1,1523,0,1,0,0,0,1635,1600,1600,1640,2162.6666666666665,1936.9166666666667,1596.25,1571.5,1579.0
20101230,0.94,5.94,-2.5,1.56,24609,44.17,103.14,0.0,2.64,1,1,1,1514,0,1,0,0,0,1625,1615,1560,1695,2173.875,1946.9166666666667,1598.0,1568.0,1565.0
20101229,2.61,6.86,0.33,4.58,17070,82.18,161.81,0.0,1.83,1,1,1,1490,0,1,0,0,0,1600,1570,1535,1635,2183.75,1958.3333333333333,1599.25,1567.5,1546.0
20101228,-0.33,2.99,-1.0,1.66,9370,-6.29,166.0,0.0,1.01,1,1,1,1425,0,1,0,0,0,1530,1500,1490,1550,2193.5,1970.1666666666667,1601.0,1568.5,1534.0
20101227,-0.32,-0.32,-4.47,-3.83,9999,238.95,14.04,0.0,1.07,1,-1,1,1402,0,1,0,0,0,1505,1560,1495,1560,2201.6666666666665,1983.3333333333333,1606.5,1577.5,1545.0
20101224,3.27,3.27,-2.29,2.29,2950,-51.88,26.61,0.0,0.32,1,1,1,1458,0,1,0,0,0,1565,1580,1495,1580,2209.5,1994.9166666666667,1614.25,1591.0,1564.0
20101223,-1.3,1.3,-2.27,-0.65,6130,-69.38,55.41,0.0,0.66,1,1,1,1425,0,1,0,0,0,1530,1520,1505,1560,2216.9166666666665,2005.25,1618.5,1597.0,1571.0
20101222,2.21,2.52,-3.79,-2.84,20021,-3.08,96.27,0.0,2.15,1,-1,1,1435,0,1,0,0,0,1540,1620,1525,1625,2225.125,2015.6666666666667,1624.75,1604.5,1589.0
20101221,0.0,1.88,-3.12,-0.94,20658,562.54,293.14,0.0,2.22,1,-1,1,1476,0,1,0,0,0,1585,1600,1550,1630,2233.7083333333335,2026.8333333333333,1633.0,1612.5,1603.0
20101220,0.94,0.94,-3.44,0.0,3118,-89.1,24.9,0.0,0.33,1,1,1,1490,0,1,0,0,0,1600,1615,1545,1615,2240.8333333333335,2034.75,1639.5,1618.0,1610.0
20101217,0.93,0.93,-3.7,-1.23,28600,129.17,264.8,0.0,3.07,1,1,1,1490,0,1,0,0,0,1600,1635,1560,1635,2247.7083333333335,2041.75,1644.0,1621.0,1618.0
20101216,1.86,2.48,-0.62,0.62,12480,378.16,143.84,0.0,1.34,1,1,1,1509,0,1,0,0,0,1620,1640,1600,1650,2255.7083333333335,2051.75,1644.75,1628.0,1623.0
20101215,0.62,1.23,-1.54,-0.62,2610,-89.41,519.05,0.0,0.28,1,1,1,1500,0,1,0,0,0,1610,1630,1595,1640,2265.125,2060.5,1649.75,1631.0,1620.0
20101214,-3.05,-0.61,-3.66,-1.22,24641,223.93,45.37,0.0,2.65,1,1,-1,1509,0,1,0,0,0,1620,1590,1580,1630,2276.125,2069.6666666666665,1649.75,1633.5,1622.0
20101213,0.92,0.92,-2.46,0.92,7607,-38.47,176.47,0.0,0.82,1,1,1,1528,0,1,0,0,0,1640,1640,1585,1640,2286.5833333333335,2077.0833333333335,1655.75,1635.5,1626.0
20101210,0.0,2.8,-0.31,1.25,12364,67.38,174.44,0.0,1.33,1,1,1,1514,0,1,0,0,0,1625,1605,1600,1650,2296.7916666666665,2085.0833333333335,1676.0,1637.5,1624.0
20101209,0.62,0.62,-2.47,-0.93,7387,75.67,346.3,0.0,0.79,1,1,-1,1495,0,1,0,0,0,1605,1630,1580,1630,2307.2083333333335,2093.8333333333335,1715.0,1640.0,1633.0
20101208,0.0,2.13,-2.44,-1.22,4205,24.59,407.41,0.0,0.45,1,-1,1,1509,0,1,0,0,0,1620,1640,1600,1675,2317.875,2103.3333333333335,1768.75,1645.0,1642.0
20101207,0.61,2.15,-1.53,0.61,3375,18.84,1480.95,0.0,0.36,1,1,1,1528,0,1,0,0,0,1640,1640,1605,1665,2328.9166666666665,2113.5833333333335,1837.5,1653.5,1645.0
20101206,1.8,1.8,-3.59,-2.4,2840,43.29,21.83,0.0,0.3,1,1,1,1518,0,1,0,0,0,1630,1700,1610,1700,2340.125,2124.5,1885.75,1661.0,1645.0
20101203,0.0,1.21,-1.52,1.21,1982,-90.52,45.59,0.0,0.21,1,1,1,1556,0,1,0,0,0,1670,1650,1625,1670,2350.9166666666665,2134.1666666666665,1957.25,1667.0,1651.0
20101202,0.31,4.59,-0.92,0.92,20912,-12.22,285.37,0.0,2.24,1,1,1,1537,0,1,0,0,0,1650,1640,1620,1710,2359.9583333333335,2143.3333333333335,2007.0,1661.5,1647.0
20101201,-2.44,3.05,-2.44,-0.3,23822,131.87,33.35,0.0,2.56,1,1,1,1523,0,1,0,0,0,1635,1600,1600,1690,2367.0416666666665,2152.8333333333335,2040.5,1668.5,1648.0
20101130,-0.3,0.9,-3.61,-1.2,10274,-11.16,44.39,0.0,1.1,1,1,1,1528,0,1,0,0,0,1640,1655,1600,1675,2374.25,2162.6666666666665,2075.5,1666.0,1662.0
20101129,0.0,3.33,-2.12,0.61,11564,-49.88,62.13,0.0,1.24,1,1,1,1546,0,1,0,0,0,1660,1650,1615,1705,2381.5833333333335,2173.25,2101.0,1676.0,1677.0
20101126,0.3,12.39,-5.74,-0.3,23073,184.71,60.39,0.0,2.48,1,1,1,1537,0,1,0,0,0,1650,1660,1560,1860,2390.0416666666665,2184.0,2125.5,1714.5,1683.0
20101125,-0.59,2.05,-4.11,-2.93,8104,-82.22,39.66,0.0,0.87,1,1,1,1542,0,1,0,0,0,1655,1695,1635,1740,2398.625,2194.75,2158.0,1790.0,1676.0
20101124,-1.46,10.79,-1.75,-0.58,45584,397.64,116.04,0.0,4.89,1,1,1,1588,0,1,0,0,0,1705,1690,1685,1900,2409.7916666666665,2205.5,2192.0,1892.5,1689.0
20101123,-3.85,4.73,-3.85,1.48,9160,-53.97,655.65,0.0,0.98,1,1,1,1598,0,1,0,0,0,1715,1625,1625,1770,2418.0833333333335,2215.75,2224.0,2021.5,1670.0
20101122,4.33,7.74,0.93,4.64,19900,-57.25,238.92,0.0,2.14,1,1,1,1574,0,1,0,0,0,1690,1685,1630,1740,2426.3333333333335,2223.1666666666665,2251.75,2110.5,1675.0
20101119,-1.16,1.74,-12.21,-6.1,46550,-76.59,58.52,0.0,5.0,1,1,1,1504,0,1,0,0,0,1615,1700,1510,1750,2434.7916666666665,2231.5833333333335,2279.75,2247.5,1746.0
20101118,5.59,14.91,0.62,6.83,198841,47.66,76.12,0.0,21.35,1,1,1,1602,0,1,0,0,0,1720,1700,1620,1850,2443.875,2241.5,2310.75,2352.5,1904.0
20101117,-13.22,-5.17,-14.66,-7.47,134657,120.53,97.96,0.0,14.46,1,1,1,1500,0,1,0,0,0,1610,1510,1485,1650,2452.125,2249.6666666666665,2330.75,2412.5,2096.0
20101116,-14.67,-9.54,-14.91,-14.91,61062,81.04,27.82,0.0,6.55,1,1,1,1621,0,1,0,0,0,1740,1745,1740,1850,2461.2083333333335,2260.0,2354.0,2485.0,2373.0
20101115,-14.97,-4.37,-14.97,-14.97,33728,-38.73,121.4,0.0,3.62,1,1,1,1905,0,1,0,0,0,2045,2045,2045,2300,2468.875,2271.0,2380.0,2526.0,2546.0
20101112,0.0,0.0,-14.18,-10.26,55050,-5.84,52.35,0.0,5.91,1,1,1,2240,0,1,0,0,0,2405,2680,2300,2680,2472.375,2276.9166666666665,2390.75,2536.5,2749.0
20101111,-0.17,-0.17,-13.86,-10.52,58467,-74.29,31.58,0.0,6.28,1,1,1,2497,0,1,0,0,0,2680,2990,2580,2990,2476.5,2279.3333333333335,2378.75,2526.0,2801.0
20101110,5.57,14.97,-0.19,14.97,227424,-11.52,79.42,0.0,24.41,1,1,1,2790,0,1,0,0,0,2995,2750,2600,2995,2475.2083333333335,2277.3333333333335,2353.25,2491.5,2729.0
20101109,14.87,14.87,-14.87,-14.87,257026,4494.67,59.24,0.0,27.59,1,1,1,2427,0,1,0,0,0,2605,3515,2605,3515,2473.75,2270.4166666666665,2313.75,2426.5,2597.0
20101108,14.82,14.82,14.82,14.82,5594,-76.77,0.0,0.0,0.6,1,1,1,2851,0,1,0,0,0,3060,3060,3060,3060,2475.2083333333335,2271.75,2298.25,2393.0,2506.0
20101105,0.65,14.87,0.65,14.87,24080,2030.97,74.46,0.0,2.58,1,1,1,2483,0,1,0,0,0,2665,2335,2335,2665,2470.7916666666665,2263.8333333333335,2257.25,2312.0,2324.0
20101104,0.0,0.0,-12.21,-0.64,1130,54.79,91.53,0.0,0.12,1,1,1,2161,0,1,0,0,0,2320,2335,2050,2335,2471.0833333333335,2265.5,2235.75,2269.0,2251.0
20101103,0.0,8.6,0.0,8.6,730,37.74,386.67,0.0,0.08,1,-1,1,2175,0,1,0,0,0,2335,2150,2150,2335,2475.4583333333335,2269.0,2235.25,2249.0,2254.0
20101102,-1.86,3.72,-1.86,0.0,530,-86.23,26.83,0.0,0.06,1,1,1,2003,0,1,0,0,0,2150,2110,2110,2230,2479.6666666666665,2266.75,2234.0,2223.0,2256.0
20101101,-0.22,-0.22,-6.52,-6.52,3850,-2.33,31.4,0.0,0.41,1,1,1,2003,0,1,0,0,0,2150,2295,2150,2295,2484.0833333333335,2268.6666666666665,2242.5,2234.0,2280.0
20101029,-5.78,-1.5,-5.78,-1.5,3942,1.86,30.9,0.0,0.42,1,1,1,2143,0,1,0,0,0,2300,2200,2200,2300,2489.9166666666665,2272.5833333333335,2245.0,2245.0,2300.0
20101028,0.21,0.21,-9.59,-0.43,3870,38600.0,325.27,0.0,0.42,1,-1,1,2175,0,1,0,0,0,2335,2350,2120,2350,2494.9166666666665,2277.5833333333335,2239.25,2231.5,2287.0
20101027,3.3,3.3,3.3,3.3,10,-99.83,0.0,0.0,0.0,1,1,1,2184,0,1,0,0,0,2345,2345,2345,2345,2499.7916666666665,2282.1666666666665,2230.25,2215.0,2244.0
20101026,0.0,2.89,-2.44,0.89,5830,568.58,67.05,0.0,0.63,1,1,1,2115,0,1,0,0,0,2270,2250,2195,2315,2502.75,2286.75,2223.5,2201.0,2190.0
20101025,0.0,2.46,-4.03,0.67,872,-88.91,2.38,0.0,0.09,1,1,1,2096,0,1,0,0,0,2250,2235,2145,2290,2506.5833333333335,2290.5,2213.0,2203.5,2188.0
20101022,0.47,9.91,-2.36,5.42,7860,358.04,88.49,0.0,0.84,1,1,1,2082,0,1,0,0,0,2235,2130,2070,2330,2509.4166666666665,2294.5833333333335,2201.5,2202.5,2190.0
20101021,0.24,2.17,0.24,2.17,1716,-0.58,2.4,0.0,0.18,1,1,1,1975,0,1,0,0,0,2120,2080,2080,2120,2511.875,2300.8333333333335,2199.75,2202.5,2176.0
20101020,-0.44,-0.44,-8.41,-8.19,1726,-81.48,3.66,0.0,0.19,1,-1,1,1933,0,1,0,0,0,2075,2250,2070,2250,2515.3333333333335,2308.8333333333335,2201.0,2221.5,2186.0
20101019,-6.86,0.0,-7.96,0.0,9320,13407.25,139.95,0.0,1.0,1,1,1,2105,0,1,0,0,0,2260,2105,2080,2260,2519.4583333333335,2322.5,2205.25,2245.0,2212.0
20101018,0.0,4.39,-4.85,4.39,69,590.0,50.0,0.0,0.01,1,-1,1,2105,0,1,0,0,0,2260,2165,2060,2260,2520.9583333333335,2331.3333333333335,2195.5,2251.0,2219.0
20101015,-0.23,-0.23,-0.23,-0.23,10,-95.0,0.0,0.0,0.0,1,1,1,2017,0,1,0,0,0,2165,2165,2165,2165,2522.5,2340.1666666666665,2188.5,2245.0,2215.0
20101014,-1.36,-1.36,-1.81,-1.59,200,-25.93,0.0,0.0,0.02,1,1,1,2021,0,1,0,0,0,2170,2175,2165,2175,2525.125,2344.75,2187.75,2247.0,2229.0
20101013,-2.61,-2.4,-3.92,-3.92,270,-89.62,575.0,0.0,0.03,1,1,1,2054,0,1,0,0,0,2205,2235,2205,2240,2528.375,2351.6666666666665,2188.0,2245.5,2257.0
20101012,-5.36,2.46,-5.36,2.46,2600,71.05,11.59,0.0,0.28,1,1,1,2138,0,1,0,0,0,2295,2120,2120,2295,2531.5833333333335,2364.4166666666665,2189.5,2246.0,2278.0
20101011,0.45,1.34,0.22,0.22,1520,61.7,198.04,0.0,0.16,1,1,-1,2087,0,1,0,0,0,2240,2245,2240,2265,2533.7083333333335,2375.75,2189.5,2222.5,2283.0
20101008,-7.79,-3.25,-7.79,-3.25,940,0.0,38.24,0.0,0.1,1,1,1,2082,0,1,0,0,0,2235,2130,2130,2235,2536.7916666666665,2388.4166666666665,2188.0,2200.5,2275.0
20101007,0.0,0.0,0.0,0.0,0,0.0,0.0,0.0,0.0,1,1,1,2152,0,1,0,0,0,2310,2310,2310,2310,2540.8333333333335,2400.8333333333335,2187.25,2197.0,2265.0
20101006,-0.43,-0.43,-0.43,-0.43,0,-100.0,0.0,0.0,0.0,1,1,1,2152,0,1,0,0,0,2310,2310,2310,2310,2547.9166666666665,2409.1666666666665,2182.75,2180.5,2234.0
20101005,0.0,5.45,0.0,5.45,20,-98.76,0.0,0.0,0.0,1,1,1,2161,0,1,0,0,0,2320,2200,2200,2320,2551.5833333333335,2416.8333333333335,2178.5,2165.5,2214.0
20101004,-6.18,0.69,-6.18,0.69,1610,103.8,91.67,0.0,0.17,1,1,1,2049,0,1,0,0,0,2200,2050,2050,2200,2556.0833333333335,2420.0,2176.25,2140.0,2162.0
20101001,6.73,6.73,-0.23,1.39,790,3850.0,23.44,0.0,0.08,1,1,-1,2035,0,1,0,0,0,2185,2300,2150,2300,2563.25,2424.0833333333335,2181.5,2132.0,2126.0
20100930,-0.45,-0.45,-2.49,-2.49,20,-99.19,0.0,0.0,0.0,1,1,1,2007,0,1,0,0,0,2155,2200,2155,2200,2570.2083333333335,2428.5833333333335,2187.0,2128.5,2129.0
20100929,2.91,13.59,2.91,7.28,2471,71.6,1022.73,0.0,0.27,1,1,1,2059,0,1,0,0,0,2210,2120,2120,2340,2577.4166666666665,2434.5833333333335,2194.25,2130.5,2127.0
20100928,0.74,1.98,-0.99,1.98,1440,-73.13,787.5,0.0,0.15,1,1,-1,1919,0,1,0,0,0,2060,2035,2000,2060,2586.5,2440.5833333333335,2199.75,2133.0,2117.0
20100927,-5.45,-0.68,-8.18,-8.18,5360,471.43,1.71,0.0,0.58,1,1,1,1882,0,1,0,0,0,2020,2080,2020,2185,2596.0,2446.9166666666665,2204.75,2156.5,2118.0
20100924,-0.7,12.82,-5.83,2.56,938,1463.33,155.56,0.0,0.1,1,1,1,2049,0,1,0,0,0,2200,2130,2020,2420,2604.8333333333335,2453.6666666666665,2213.5,2175.5,2138.0
20100920,-6.02,-0.69,-6.02,-0.69,60,-96.41,100.0,0.0,0.01,1,1,1,1998,0,1,0,0,0,2145,2030,2030,2145,2608.8333333333335,2459.6666666666665,2214.0,2177.5,2128.0
20100917,-2.66,5.81,-2.66,4.6,1670,149.25,167.74,0.0,0.18,1,-1,1,2012,0,1,0,0,0,2160,2010,2010,2185,2613.0,2469.75,2217.25,2185.0,2134.0
20100916,-5.66,-2.59,-5.66,-2.59,670,1240.0,4.69,0.0,0.07,1,1,1,1924,0,1,0,0,0,2065,2000,2000,2065,2616.9166666666665,2482.5833333333335,2220.75,2191.5,2149.0
20100915,-0.93,-0.93,-4.65,-1.4,50,-97.61,400.0,0.0,0.01,1,1,1,1975,0,1,0,0,0,2120,2130,2050,2130,2621.4583333333335,2496.0833333333335,2237.5,2212.5,2195.0
20100914,-5.75,-1.15,-5.75,-1.15,2090,-37.63,2.96,0.0,0.22,1,1,1,2003,0,1,0,0,0,2150,2050,2050,2150,2625.4166666666665,2508.5,2251.5,2231.0,2213.0
20100913,-5.82,-2.01,-8.28,-2.68,3351,276.52,14.38,0.0,0.36,1,1,1,2026,0,1,0,0,0,2175,2105,2050,2190,2629.5,2520.5833333333335,2271.5,2245.5,2227.0
20100910,-9.8,-2.61,-9.8,-2.61,890,-75.21,48.33,0.0,0.1,1,1,1,2082,0,1,0,0,0,2235,2070,2070,2235,2632.5416666666665,2532.4166666666665,2290.75,2258.0,2236.0
20100909,-7.24,3.85,-7.24,3.85,3590,7080.0,58.85,0.0,0.39,1,1,1,2138,0,1,0,0,0,2295,2050,2050,2295,2633.5833333333335,2544.25,2308.0,2266.5,2234.0
20100908,-5.18,-0.45,-5.18,-0.45,50,0.0,400.0,0.0,0.01,1,1,1,2059,0,1,0,0,0,2210,2105,2105,2210,2635.2916666666665,2555.75,2327.5,2253.0,2230.0
20100907,0.0,0.0,0.0,0.0,0,-100.0,0.0,0.0,0.0,1,1,1,2068,0,1,0,0,0,2220,2220,2220,2220,2637.7083333333335,2567.6666666666665,2346.25,2251.5,2249.0
20100906,-6.29,-0.22,-6.29,-0.22,50,-98.01,400.0,0.0,0.01,1,1,1,2068,0,1,0,0,0,2220,2085,2085,2220,2640.875,2576.5833333333335,2373.5,2250.5,2264.0
20100903,-0.22,0.22,-6.37,-2.2,2511,221.92,9.61,0.0,0.27,1,1,1,2073,0,1,0,0,0,2225,2270,2130,2280,2643.7083333333335,2581.25,2389.0,2249.5,2280.0
20100902,-1.08,-1.08,-12.36,-1.3,780,-18.75,77.27,0.0,0.08,1,1,1,2119,0,1,0,0,0,2275,2280,2020,2280,2646.375,2585.8333333333335,2387.75,2250.0,2299.0
20100901,-0.22,0.44,-7.63,0.44,960,-55.96,373.68,0.0,0.1,1,1,1,2147,0,1,0,0,0,2305,2290,2120,2305,2650.7083333333335,2589.9166666666665,2387.25,2262.5,2276.0
20100831,3.26,3.26,-8.48,-0.22,2180,3014.29,84.62,0.0,0.23,1,1,1,2138,0,1,0,0,0,2295,2375,2105,2375,2654.4583333333335,2596.0833333333335,2391.25,2272.0,2254.0
20100830,-0.86,-0.86,-0.86,-0.86,70,-98.05,0.0,0.0,0.01,1,1,1,2143,0,1,0,0,0,2300,2300,2300,2300,2659.375,2602.5,2406.5,2297.5,2237.0
20100827,-7.41,8.1,-7.41,7.41,3590,80.4,8.13,0.0,0.39,1,1,1,2161,0,1,0,0,0,2320,2000,2000,2335,2663.5416666666665,2614.0833333333335,2422.0,2323.5,2219.0
20100826,-0.23,-0.23,-4.78,-1.59,1990,-41.64,282.69,0.0,0.21,1,1,1,2012,0,1,0,0,0,2160,2190,2090,2190,2668.2083333333335,2620.4166666666665,2437.0,2349.5,2201.0
20100825,0.0,0.0,-4.52,-0.68,3410,-33.66,51.56,0.0,0.37,1,1,1,2045,0,1,0,0,0,2195,2210,2110,2210,2674.3333333333335,2629.5,2453.75,2402.0,2249.0
20100824,0.0,7.24,0.0,0.0,5140,-87.48,37.8,0.0,0.55,1,1,-1,2059,0,1,0,0,0,2210,2210,2210,2370,2679.7916666666665,2638.0,2468.75,2441.0,2290.0
20100823,-9.42,7.62,-9.42,-0.9,41041,2118.43,92.11,0.0,4.41,1,1,1,2059,0,1,0,0,0,2210,2020,2020,2400,2685.5416666666665,2646.25,2488.75,2496.5,2358.0
20100820,7.29,7.29,-15.0,-7.08,1850,1133.33,129.49,0.0,0.2,1,1,1,2077,0,1,0,0,0,2230,2575,2040,2575,2691.7083333333335,2654.5833333333335,2508.25,2528.5,2428.0
20100819,-3.33,3.96,-3.33,0.0,150,-61.54,1400.0,0.0,0.02,1,1,1,2236,0,1,0,0,0,2400,2320,2320,2495,2698.125,2662.4166666666665,2541.5,2525.5,2498.0
20100818,-1.96,-1.96,-5.88,-5.88,390,0.0,0.0,0.0,0.04,1,1,1,2236,0,1,0,0,0,2400,2500,2400,2500,2702.2083333333335,2666.75,2561.0,2512.0,2555.0
20100817,-0.39,-0.39,-0.39,-0.39,0,-100.0,0.0,0.0,0.0,1,1,1,2375,0,1,0,0,0,2550,2550,2550,2550,2705.5416666666665,2667.8333333333335,2580.5,2510.5,2592.0
20100816,-0.78,-0.78,-0.78,-0.78,10,-95.45,0.0,0.0,0.0,1,1,1,2385,0,1,0,0,0,2560,2560,2560,2560,2706.125,2673.6666666666665,2575.0,2515.5,2635.0
20100813,-8.19,-3.91,-8.19,-3.91,220,83.33,340.0,0.0,0.02,1,1,1,2403,0,1,0,0,0,2580,2465,2465,2580,2707.5416666666665,2673.0833333333335,2576.25,2520.5,2629.0
20100812,0.0,3.87,0.0,3.87,120,-87.88,0.0,0.0,0.01,1,-1,1,2501,0,1,0,0,0,2685,2585,2585,2685,2709.4583333333335,2677.0833333333335,2595.75,2524.5,2553.0
20100811,1.63,1.63,-8.14,-6.51,990,-58.23,70.18,0.0,0.11,1,1,1,2408,0,1,0,0,0,2585,2810,2540,2810,2709.75,2678.6666666666665,2610.25,2505.5,2469.0
20100810,11.66,11.66,0.0,9.29,2370,185.54,36.05,0.0,0.25,1,1,1,2576,0,1,0,0,0,2765,2825,2530,2825,2713.2083333333335,2677.75,2631.0,2496.5,2429.0
20100809,8.86,15.0,8.64,15.0,830,4050.0,93.02,0.0,0.09,1,1,1,2357,0,1,0,0,0,2530,2395,2390,2530,2713.0416666666665,2676.6666666666665,2641.75,2481.0,2396.0
20100806,-2.65,-2.65,-2.87,-2.87,20,-81.98,100.0,0.0,0.0,1,-1,1,2049,0,1,0,0,0,2200,2205,2200,2205,2714.875,2681.9166666666665,2655.75,2488.0,2412.0
20100805,0.0,0.0,-5.66,-5.03,111,-7.5,66.67,0.0,0.01,1,1,1,2110,0,1,0,0,0,2265,2385,2250,2385,2719.0416666666665,2692.5833333333335,2684.25,2557.5,2496.0
20100804,-6.54,-6.54,-8.27,-8.27,120,500.0,0.0,0.0,0.01,1,1,1,2222,0,1,0,0,0,2385,2430,2385,2430,2722.25,2699.5,2696.5,2610.0,2542.0
20100803,-5.56,-0.38,-5.56,-0.38,20,0.0,100.0,0.0,0.0,1,1,1,2422,0,1,0,0,0,2600,2465,2465,2600,2725.0416666666665,2707.25,2699.5,2650.5,2564.0
20100802,-0.38,-0.38,-0.38,-0.38,0,-100.0,0.0,0.0,0.0,1,1,1,2431,0,1,0,0,0,2610,2610,2610,2610,2726.0416666666665,2712.25,2692.25,2634.5,2566.0
20100730,6.01,6.01,5.01,5.01,600,0.0,2900.0,0.0,0.06,1,1,-1,2441,0,1,0,0,0,2620,2645,2620,2645,2725.9583333333335,2717.4166666666665,2687.5,2632.0,2564.0
20100729,0.0,0.0,0.0,0.0,0,-100.0,0.0,0.0,0.0,1,1,1,2324,0,1,0,0,0,2495,2495,2495,2495,2726.7083333333335,2718.75,2685.0,2667.0,2619.0
20100728,1.15,1.15,-8.05,-4.41,320,-78.52,180.0,0.0,0.03,1,1,1,2324,0,1,0,0,0,2495,2640,2400,2640,2730.7916666666665,2722.6666666666665,2682.25,2715.0,2678.0
20100727,8.46,8.46,-8.46,0.38,1490,37.84,343.75,0.0,0.16,1,1,1,2431,0,1,0,0,0,2610,2820,2380,2820,2733.5833333333335,2724.25,2678.75,2765.5,2737.0
20100726,-14.85,-0.17,-14.85,-10.19,1081,10710.0,51.52,0.0,0.12,1,1,1,2422,0,1,0,0,0,2600,2465,2465,2890,2735.4166666666665,2722.9166666666665,2676.25,2802.5,2703.0
20100723,3.76,3.76,3.76,3.76,10,0.0,0.0,0.0,0.0,1,1,1,2697,0,1,0,0,0,2895,2895,2895,2895,2738.125,2721.8333333333335,2683.75,2823.5,2700.0
20100722,0.0,0.0,0.0,0.0,0,-100.0,0.0,0.0,0.0,1,1,1,2599,0,1,0,0,0,2790,2790,2790,2790,2738.4583333333335,2716.4166666666665,2685.5,2811.0,2715.0
20100721,10.45,14.75,10.45,14.34,510,2450.0,5000.0,0.0,0.05,1,1,1,2599,0,1,0,0,0,2790,2695,2695,2800,2740.375,2710.5833333333335,2689.75,2783.0,2752.0
20100720,-3.29,-3.29,-5.61,-5.61,20,0.0,100.0,0.0,0.0,1,1,1,2273,0,1,0,0,0,2440,2500,2440,2500,2740.4583333333335,2704.8333333333335,2693.5,2748.5,2794.0
20100719,-12.46,-12.46,-12.96,-12.96,20,0.0,0.0,0.0,0.0,1,1,1,2408,0,1,0,0,0,2585,2600,2585,2600,2743.4583333333335,2705.5,2715.25,2750.0,2902.0
20100716,-0.17,-0.17,-0.17,-0.17,0,0.0,0.0,0.0,0.0,1,1,1,2767,0,1,0,0,0,2970,2970,2970,2970,2745.3333333333335,2705.0833333333335,2730.25,2743.0,2947.0
20100715,-0.83,-0.83,-0.83,-0.83,0,-100.0,0.0,0.0,0.0,1,1,1,2771,0,1,0,0,0,2975,2975,2975,2975,2745.125,2698.75,2729.0,2703.0,2907.0
20100714,2.01,2.01,-12.75,0.67,130,160.0,225.0,0.0,0.01,1,1,1,2795,0,1,0,0,0,3000,3040,2600,3040,2745.0833333333335,2691.6666666666665,2729.5,2649.5,2814.0
20100713,9.25,9.25,6.05,6.05,50,-50.0,0.0,0.0,0.01,1,1,1,2776,0,1,0,0,0,2980,3070,2980,3070,2745.7916666666665,2685.1666666666665,2725.75,2592.0,2703.0
20100712,1.44,1.44,1.44,1.44,100,233.33,0.0,0.0,0.01,1,1,1,2618,0,1,0,0,0,2810,2810,2810,2810,2747.3333333333335,2680.8333333333335,2714.5,2550.0,2598.0
20100709,10.76,10.76,10.36,10.36,30,-50.0,200.0,0.0,0.0,1,1,1,2580,0,1,0,0,0,2770,2780,2770,2780,2750.2083333333335,2686.6666666666665,2699.0,2544.0,2539.0
20100708,0.61,2.66,0.61,2.66,60,0.0,20.0,0.0,0.01,1,1,1,2338,0,1,0,0,0,2510,2460,2460,2510,2753.2916666666665,2686.3333333333335,2685.5,2560.0,2499.0
20100707,-8.15,3.26,-8.15,-0.41,60,-79.31,33.33,0.0,0.01,1,1,1,2278,0,1,0,0,0,2445,2255,2255,2535,2758.7083333333335,2692.1666666666665,2686.0,2596.5,2485.0
20100706,-11.53,3.38,-11.53,-2.39,290,225.84,36.84,0.0,0.03,1,1,1,2287,0,1,0,0,0,2455,2225,2225,2600,2764.1666666666665,2702.4166666666665,2697.5,2638.5,2481.0
20100705,-5.45,10.89,-5.45,-2.14,89,11.25,20.0,0.0,0.01,1,1,1,2343,0,1,0,0,0,2515,2430,2430,2850,2770.0,2711.8333333333335,2708.75,2680.5,2502.0
20100702,10.66,10.66,5.33,5.33,80,100.0,300.0,0.0,0.01,1,1,1,2394,0,1,0,0,0,2570,2700,2570,2700,2775.25,2720.25,2732.75,2717.5,2549.0
20100701,2.89,11.34,0.62,0.62,40,-87.1,0.0,0.0,0.0,1,1,1,2273,0,1,0,0,0,2440,2495,2440,2700,2780.2916666666665,2732.4166666666665,2739.25,2755.0,2621.0
20100630,11.72,11.72,-8.59,-5.27,310,675.0,10.71,0.0,0.03,1,1,1,2259,0,1,0,0,0,2425,2860,2340,2860,2786.375,2745.0833333333335,2752.5,2809.5,2708.0
20100629,5.45,5.45,-6.91,-6.91,40,0.0,100.0,0.0,0.0,1,1,1,2385,0,1,0,0,0,2560,2900,2560,2900,2792.5416666666665,2756.0,2766.5,2859.5,2796.0
20100628,-6.14,-6.14,-6.14,-6.14,0,-100.0,0.0,0.0,0.0,1,1,1,2562,0,1,0,0,0,2750,2750,2750,2750,2797.0416666666665,2758.0,2773.75,2879.0,2859.0
20100625,1.91,1.91,1.91,1.91,10,-90.0,0.0,0.0,0.0,1,1,1,2729,0,1,0,0,0,2930,2930,2930,2930,2800.4166666666665,2756.25,2771.75,2854.0,2886.0
20100624,0.0,1.4,-9.95,0.35,100,900.0,900.0,0.0,0.01,1,-1,1,2678,0,1,0,0,0,2875,2865,2580,2905,2802.0833333333335,2751.25,2760.25,2811.0,2889.0
20100623,-0.35,-0.35,-0.35,-0.35,10,0.0,0.0,0.0,0.0,1,1,1,2669,0,1,0,0,0,2865,2865,2865,2865,2803.75,2746.8333333333335,2749.5,2775.5,2911.0
20100622,-0.35,-0.35,-0.35,-0.35,0,-100.0,0.0,0.0,0.0,1,1,1,2678,0,1,0,0,0,2875,2875,2875,2875,2808.2083333333335,2742.3333333333335,2729.5,2756.5,2923.0
20100621,-12.56,-2.04,-12.56,-2.04,110,450.0,37.5,0.0,0.01,1,1,1,2688,0,1,0,0,0,2885,2575,2575,2885,2810.0833333333335,2738.4166666666665,2730.75,2737.0,2899.0
20100618,-12.73,-1.34,-12.73,-1.34,20,100.0,100.0,0.0,0.0,1,-1,1,2743,0,1,0,0,0,2945,2605,2605,2945,2811.9166666666665,2732.6666666666665,2712.75,2748.0,2822.0
20100617,2.05,2.05,2.05,2.05,10,0.0,0.0,0.0,0.0,1,1,1,2781,0,1,0,0,0,2985,2985,2985,2985,2814.1666666666665,2722.9166666666665,2706.5,2723.5,2733.0
20100616,6.17,6.17,6.17,6.17,10,-98.99,0.0,0.0,0.0,1,1,1,2725,0,1,0,0,0,2925,2925,2925,2925,2816.4166666666665,2714.8333333333335,2696.25,2695.5,2640.0
20100615,-0.2,10.8,-0.2,10.2,990,-24.43,90.38,0.0,0.11,1,1,1,2566,0,1,0,0,0,2755,2495,2495,2770,2818.4583333333335,2707.75,2676.5,2673.5,2590.0
20100614,0.0,3.4,0.0,0.0,1310,6450.0,0.77,0.0,0.14,1,1,1,2329,0,1,0,0,0,2500,2500,2500,2585,2823.1666666666665,2705.1666666666665,2673.75,2668.5,2575.0
20100611,3.17,3.17,-0.79,-0.79,20,-90.0,100.0,0.0,0.0,1,1,1,2329,0,1,0,0,0,2500,2600,2500,2600,2830.0,2706.1666666666665,2691.0,2689.5,2674.0
20100610,-4.11,8.41,-5.79,-5.79,200,81.82,1900.0,0.0,0.02,1,1,1,2347,0,1,0,0,0,2520,2565,2520,2900,2837.125,2706.9166666666665,2708.0,2709.5,2714.0
20100609,-7.28,0.19,-7.28,-0.19,110,-92.03,37.5,0.0,0.01,1,1,1,2492,0,1,0,0,0,2675,2485,2485,2685,2843.6666666666665,2711.5,2716.0,2723.5,2751.0
20100608,0.17,0.17,-14.19,-10.52,1380,961.54,5.69,0.0,0.15,1,1,1,2497,0,1,0,0,0,2680,3000,2570,3000,2848.0,2712.8333333333335,2724.75,2702.5,2757.0
20100607,11.85,11.85,9.81,10.93,130,0.0,550.0,0.0,0.01,1,1,1,2790,0,1,0,0,0,2995,3020,2965,3020,2851.6666666666665,2716.25,2735.75,2724.5,2762.0
20100604,-0.18,-0.18,-0.18,-0.18,0,0.0,0.0,0.0,0.0,1,1,1,2515,0,1,0,0,0,2700,2700,2700,2700,2852.7083333333335,2713.0,2732.0,2677.5,2705.0
20100603,0.0,0.0,0.0,0.0,0,-100.0,0.0,0.0,0.0,1,1,1,2520,0,1,0,0,0,2705,2705,2705,2705,2855.4583333333335,2716.0,2732.0,2689.5,2705.0
20100601,0.37,0.37,0.0,0.0,30,0.0,0.0,0.0,0.0,1,1,1,2520,0,1,0,0,0,2705,2715,2705,2715,2859.8333333333335,2719.1666666666665,2733.25,2697.0,2696.0
20100531,-0.18,-0.18,-0.18,-0.18,0,-100.0,0.0,0.0,0.0,1,1,1,2520,0,1,0,0,0,2705,2705,2705,2705,2864.25,2721.5833333333335,2727.5,2679.5,2648.0
20100528,0.0,0.37,0.0,0.37,90,80.0,350.0,0.0,0.01,1,1,1,2524,0,1,0,0,0,2710,2700,2700,2710,2868.6666666666665,2724.8333333333335,2718.75,2679.0,2687.0
20100527,0.94,1.5,0.94,1.5,50,400.0,0.0,0.0,0.01,1,1,1,2515,0,1,0,0,0,2700,2685,2685,2700,2871.9166666666665,2728.8333333333335,2710.0,2692.5,2650.0
20100526,7.91,7.91,7.91,7.91,10,-99.82,0.0,0.0,0.0,1,1,1,2478,0,1,0,0,0,2660,2660,2660,2660,2876.5,2733.8333333333335,2703.5,2706.5,2674.0
20100525,-7.93,-1.55,-15.0,-15.0,5580,-17.82,24.6,0.0,0.6,1,1,1,2296,0,1,0,0,0,2465,2670,2465,2855,2880.5,2737.6666666666665,2692.5,2708.5,2698.0
20100524,2.18,14.85,2.18,14.85,6790,22533.33,654.44,0.0,0.73,1,1,1,2701,0,1,0,0,0,2900,2580,2580,2900,2890.7083333333335,2743.25,2691.5,2747.0,2711.0
20100520,-10.82,-0.18,-10.82,-10.46,30,-99.28,50.0,0.0,0.0,1,1,1,2352,0,1,0,0,0,2525,2515,2515,2815,2898.0833333333335,2738.5833333333335,2670.5,2747.0,2671.0
20100519,-10.07,1.44,-10.07,1.44,4140,3663.64,7.25,0.0,0.44,1,1,1,2627,0,1,0,0,0,2820,2500,2500,2820,2909.375,2742.0,2672.25,2786.5,2735.0
20100518,-3.16,9.88,-3.16,9.88,110,-89.42,37.5,0.0,0.01,1,1,1,2590,0,1,0,0,0,2780,2450,2450,2780,2914.2916666666665,2741.8333333333335,2660.75,2774.5,2739.0
20100517,-7.22,-1.11,-7.41,-6.3,1040,188.89,0.97,0.0,0.11,1,1,1,2357,0,1,0,0,0,2530,2505,2500,2670,2922.75,2740.8333333333335,2649.25,2769.5,2719.0
20100514,-0.53,-0.53,-6.15,-5.1,360,-87.92,2.86,0.0,0.04,1,1,1,2515,0,1,0,0,0,2700,2830,2670,2830,2929.9166666666665,2748.6666666666665,2653.25,2775.5,2783.0
20100513,2.82,9.51,-1.41,0.18,2980,159.13,20.65,0.0,0.32,1,1,1,2650,0,1,0,0,0,2845,2920,2800,3110,2932.875,2749.4166666666665,2654.25,2758.5,2823.0
20100512,4.1,10.26,-2.61,5.97,1150,1337.5,100.0,0.0,0.12,1,1,1,2646,0,1,0,0,0,2840,2790,2610,2955,2937.75,2747.8333333333335,2670.0,2727.5,2838.0
20100511,2.46,2.46,-5.96,-5.96,80,-98.16,16.67,0.0,0.01,1,1,1,2497,0,1,0,0,0,2680,2920,2680,2920,2942.6666666666665,2745.5,2665.5,2700.5,2810.0
20100510,2.76,3.1,-3.1,-1.72,4340,-45.13,58.26,0.0,0.47,1,1,1,2655,0,1,0,0,0,2850,2980,2810,2990,2946.875,2745.0,2674.5,2676.5,2820.0
20100507,1.03,1.03,-8.39,-0.68,7910,59.8,57.88,0.0,0.85,1,1,1,2701,0,1,0,0,0,2900,2950,2675,2950,2951.7083333333335,2742.8333333333335,2685.0,2636.0,2768.0
20100506,-8.33,8.52,-12.96,8.15,4950,-67.44,29.4,0.0,0.53,1,1,1,2720,0,1,0,0,0,2920,2475,2350,2930,2955.625,2739.8333333333335,2691.0,2594.0,2694.0
20100504,-9.16,1.83,-9.16,-1.1,15203,93.15,7.12,0.0,1.63,1,1,1,2515,0,1,0,0,0,2700,2480,2480,2780,2958.7916666666665,2734.5,2696.0,2558.0,2617.0
20100503,-0.39,5.41,-3.47,5.41,7871,949.47,11.65,0.0,0.84,1,-1,1,2543,0,1,0,0,0,2730,2580,2500,2730,2963.0416666666665,2734.6666666666665,2726.0,2547.0,2591.0
20100430,-5.34,2.37,-5.34,2.37,750,1566.67,167.86,0.0,0.08,1,1,1,2413,0,1,0,0,0,2590,2395,2395,2590,2967.7916666666665,2738.9166666666665,2749.5,2529.0,2533.0
20100429,-0.2,-0.2,-0.2,-0.2,45,0.0,300.0,0.0,0.0,1,1,1,2357,0,1,0,0,0,2530,2530,2530,2530,2974.875,2742.9166666666665,2774.0,2531.0,2504.0
20100428,-1.36,-1.36,-1.36,-1.36,0,-100.0,0.0,0.0,0.0,1,1,1,2361,0,1,0,0,0,2535,2535,2535,2535,2982.4166666666665,2747.9166666666665,2781.5,2550.0,2494.0
20100427,0.0,5.33,-2.25,5.33,860,65.38,1333.33,0.0,0.09,1,1,1,2394,0,1,0,0,0,2570,2440,2385,2570,2989.9166666666665,2754.4166666666665,2787.0,2612.5,2499.0
20100426,-1.84,0.41,-4.29,-0.2,520,-68.29,62.5,0.0,0.06,1,1,1,2273,0,1,0,0,0,2440,2400,2340,2455,2997.625,2760.5,2790.0,2630.5,2503.0
20100423,1.01,2.82,-2.62,-1.41,1640,1.05,12.31,0.0,0.18,1,1,1,2278,0,1,0,0,0,2445,2505,2415,2550,3006.875,2770.1666666666665,2798.5,2672.5,2525.0
20100422,-4.88,-0.2,-5.86,-3.12,1623,-76.69,138.24,0.0,0.17,1,1,1,2310,0,1,0,0,0,2480,2435,2410,2555,3014.75,2776.0833333333335,2806.0,2734.0,2558.0
20100421,-2.51,0.39,-14.67,-1.16,6962,2138.59,56.4,0.0,0.75,1,1,-1,2385,0,1,0,0,0,2560,2525,2210,2600,3022.0833333333335,2781.4166666666665,2814.0,2788.0,2606.0
20100420,0.0,1.57,0.0,1.57,311,-86.59,7.14,0.0,0.03,1,1,1,2413,0,1,0,0,0,2590,2550,2550,2590,3028.0416666666665,2785.5833333333335,2813.0,2834.0,2726.0
20100419,0.38,1.92,-3.64,-2.3,2320,-67.65,30.68,0.0,0.25,1,1,1,2375,0,1,0,0,0,2550,2620,2515,2660,3036.2083333333335,2791.5,2801.5,2905.0,2758.0
20100416,1.84,1.84,-4.04,-4.04,7171,-80.2,23.48,0.0,0.77,1,1,1,2431,0,1,0,0,0,2610,2770,2610,2770,3041.5833333333335,2798.5,2799.0,2970.0,2820.0
20100415,12.34,13.92,-14.08,-13.92,36220,908.91,3.26,0.0,3.89,1,-1,1,2534,0,1,0,0,0,2720,3550,2715,3600,3046.0833333333335,2806.4166666666665,2793.5,3017.0,2910.0
20100414,-2.91,14.91,-2.91,14.91,3590,2293.33,1340.91,0.0,0.39,1,1,1,2944,0,1,0,0,0,3160,2670,2670,3160,3048.6666666666665,2813.8333333333335,2787.5,3013.0,2970.0
20100413,5.94,5.94,-3.85,-3.85,150,-87.29,15.38,0.0,0.02,1,1,1,2562,0,1,0,0,0,2750,3030,2750,3030,3046.5,2813.75,2757.5,2961.5,2942.0
20100412,-4.58,5.88,-8.17,-6.54,1180,-59.06,29.67,0.0,0.13,1,1,1,2664,0,1,0,0,0,2860,2920,2810,3240,3048.5,2820.25,2747.25,2949.5,3052.0
20100409,0.99,2.65,-10.26,1.32,2882,350.31,24.45,0.0,0.31,1,1,1,2851,0,1,0,0,0,3060,3050,2710,3100,3049.6666666666665,2825.25,2744.0,2924.5,3120.0
20100408,10.93,11.59,-3.64,0.0,640,-94.31,6.67,0.0,0.07,1,1,1,2813,0,1,0,0,0,3020,3350,2910,3370,3048.75,2825.9166666666665,2728.75,2878.0,3124.0
20100407,3.03,7.42,-8.94,-8.48,11242,-16.23,22.96,0.0,1.21,1,1,1,2813,0,1,0,0,0,3020,3400,3005,3545,3048.5833333333335,2828.1666666666665,2722.0,2840.0,3056.0
20100406,5.78,15.0,-1.56,3.12,13420,23.92,134.17,0.0,1.44,1,1,1,3074,0,1,0,0,0,3300,3385,3150,3680,3048.75,2830.25,2711.0,2792.0,2981.0
20100405,7.14,12.66,-1.95,3.9,10830,13.55,50.21,0.0,1.16,1,1,1,2981,0,1,0,0,0,3200,3300,3020,3470,3046.0833333333335,2828.1666666666665,2690.0,2698.0,2847.0
20100402,14.18,14.93,5.22,14.93,9538,42.57,30.01,0.0,1.02,1,-1,1,2869,0,1,0,0,0,3080,3060,2820,3080,3044.7916666666665,2827.6666666666665,2674.75,2628.0,2729.0
20100401,1.32,1.32,-9.45,1.32,6690,-14.78,10.58,0.0,0.72,1,1,1,2497,0,1,0,0,0,2680,2680,2395,2680,3044.5,2829.0833333333335,2663.25,2570.0,2632.0
20100331,0.38,14.83,-4.18,0.57,7850,468.84,39.63,0.0,0.84,1,1,1,2464,0,1,0,0,0,2645,2640,2520,3020,3046.7083333333335,2836.0833333333335,2674.25,2562.0,2624.0
20100330,0.38,1.53,-3.45,0.77,1380,-47.53,102.94,0.0,0.15,1,1,1,2450,0,1,0,0,0,2630,2620,2520,2650,3050.0,2844.5833333333335,2689.5,2553.5,2603.0
20100329,0.19,10.21,-4.62,0.58,2630,526.19,37.7,0.0,0.28,1,1,1,2431,0,1,0,0,0,2610,2600,2475,2860,3053.0833333333335,2852.9166666666665,2708.0,2545.0,2549.0
20100326,0.38,0.38,-5.3,-1.7,420,-38.24,180.0,0.0,0.05,1,1,1,2417,0,1,0,0,0,2595,2650,2500,2650,3056.9583333333335,2860.6666666666665,2722.0,2563.5,2527.0
20100325,-8.07,3.94,-8.07,3.94,680,1600.0,6700.0,0.0,0.07,1,1,1,2459,0,1,0,0,0,2640,2335,2335,2640,3059.625,2874.0833333333335,2732.25,2579.5,2508.0
20100324,7.84,7.84,-4.03,7.63,40,-90.91,100.0,0.0,0.0,1,1,1,2366,0,1,0,0,0,2540,2545,2265,2545,3062.0416666666665,2881.75,2731.25,2604.0,2500.0
20100323,0.0,0.0,-5.6,-5.6,440,29.41,300.0,0.0,0.05,1,1,1,2198,0,1,0,0,0,2360,2500,2360,2500,3065.4583333333335,2891.1666666666665,2740.75,2630.0,2504.0
20100322,-0.2,0.0,-2.0,0.0,340,-96.21,0.0,0.0,0.04,1,1,1,2329,0,1,0,0,0,2500,2495,2450,2500,3070.5416666666665,2905.4166666666665,2763.25,2682.0,2541.0
20100319,1.35,1.35,-8.08,-3.85,8960,17820.0,19.79,0.0,0.96,1,1,1,2329,0,1,0,0,0,2500,2635,2390,2635,3074.5833333333335,2918.0,2774.25,2721.5,2600.0
20100318,-5.27,1.56,-5.27,1.56,50,-99.44,150.0,0.0,0.01,1,1,1,2422,0,1,0,0,0,2600,2425,2425,2600,3078.5833333333335,2929.1666666666665,2799.25,2756.5,2651.0
20100317,0.0,1.77,-5.7,0.59,8970,128.24,11.78,0.0,0.96,1,-1,1,2385,0,1,0,0,0,2560,2545,2400,2590,3081.7916666666665,2941.1666666666665,2806.5,2786.5,2708.0
20100316,-0.18,-0.18,-9.48,-8.94,3930,403.85,5.83,0.0,0.42,1,1,1,2371,0,1,0,0,0,2545,2790,2530,2790,3086.125,2953.8333333333335,2816.0,2825.5,2756.0
20100315,0.0,4.36,0.0,1.45,780,-38.58,5.41,0.0,0.08,1,1,1,2604,0,1,0,0,0,2795,2755,2755,2875,3089.9166666666665,2967.3333333333335,2823.75,2871.0,2823.0
20100312,-1.91,2.08,-4.51,-4.51,1270,-33.85,32.1,0.0,0.14,1,1,1,2566,0,1,0,0,0,2755,2830,2755,2945,3091.5833333333335,2975.8333333333335,2816.5,2880.5,2843.0
20100311,0.0,13.93,0.0,3.04,1920,16.36,74.55,0.0,0.21,1,1,1,2688,0,1,0,0,0,2885,2800,2800,3190,3093.125,2983.1666666666665,2814.75,2885.0,2862.0
20100310,0.35,10.24,-2.78,-2.78,1650,1169.23,113.33,0.0,0.18,1,-1,1,2608,0,1,0,0,0,2800,2890,2800,3175,3093.4166666666665,2987.0833333333335,2806.5,2858.5,2865.0
20100309,0.17,0.17,-3.45,-0.52,130,-79.69,0.0,0.0,0.01,1,1,1,2683,0,1,0,0,0,2880,2900,2795,2900,3094.4583333333335,2992.4166666666665,2796.5,2851.5,2895.0
20100308,-3.16,13.86,-3.16,1.58,640,220.0,44.19,0.0,0.07,1,1,1,2697,0,1,0,0,0,2895,2760,2760,3245,3094.875,2994.9166666666665,2788.0,2844.5,2919.0
20100305,-1.72,-1.72,-3.45,-1.72,200,300.0,150.0,0.0,0.02,1,1,1,2655,0,1,0,0,0,2850,2850,2800,2850,3095.4583333333335,3000.5,2792.5,2827.0,2918.0
20100304,-3.39,-1.69,-3.39,-1.69,50,-82.76,0.0,0.0,0.01,1,1,1,2701,0,1,0,0,0,2900,2850,2850,2900,3096.0416666666665,3006.9166666666665,2791.5,2842.0,2908.0
20100303,-3.33,5.0,-12.33,-1.67,290,-58.57,52.63,0.0,0.03,1,1,1,2748,0,1,0,0,0,2950,2900,2630,3150,3096.7083333333335,3012.5,2788.0,2826.5,2852.0
20100302,-0.52,13.49,-0.52,3.81,700,1650.0,118.75,0.0,0.08,1,1,1,2795,0,1,0,0,0,3000,2875,2875,3280,3097.125,3015.0,2786.75,2806.5,2808.0
20100226,8.75,8.75,0.0,3.21,40,-88.89,0.0,0.0,0.0,1,1,1,2692,0,1,0,0,0,2890,3045,2800,3045,3097.0416666666665,3019.1666666666665,2783.5,2776.5,2770.0
20100225,3.05,7.06,1.15,6.87,360,200.0,1700.0,0.0,0.04,1,1,1,2608,0,1,0,0,0,2800,2700,2650,2805,3097.875,3023.3333333333335,2790.0,2752.5,2736.0
20100224,12.82,12.82,-4.03,-4.03,120,300.0,71.43,0.0,0.01,1,1,1,2441,0,1,0,0,0,2620,3080,2620,3080,3098.7916666666665,3038.1666666666665,2790.0,2744.5,2776.0
20100223,0.36,6.05,-2.85,-2.85,30,-50.0,50.0,0.0,0.0,1,1,-1,2543,0,1,0,0,0,2730,2820,2730,2980,3101.5416666666665,3057.5833333333335,2799.0,2754.5,2801.0
20100222,3.31,3.49,3.31,3.31,60,-90.32,0.0,0.0,0.01,1,1,1,2618,0,1,0,0,0,2810,2810,2810,2815,3103.625,3076.75,2803.0,2741.5,2805.0
20100219,2.67,12.0,-9.33,-9.33,620,6100.0,62.16,0.0,0.07,1,1,1,2534,0,1,0,0,0,2720,3080,2720,3360,3105.125,3086.75,2809.75,2731.5,2783.0
20100218,9.29,9.29,9.29,9.29,10,-97.37,0.0,0.0,0.0,1,1,1,2795,0,1,0,0,0,3000,3000,3000,3000,3107.1666666666665,3104.6666666666665,2822.25,2758.0,2769.0
20100217,-1.09,14.36,-1.09,-0.18,380,1552.17,3700.0,0.0,0.04,1,1,1,2557,0,1,0,0,0,2745,2720,2720,3145,3107.0833333333335,3111.1666666666665,2826.5,2741.0,2713.0
20100216,0.0,1.85,0.0,1.85,23,-88.5,0.0,0.0,0.0,1,1,1,2562,0,1,0,0,0,2750,2700,2700,2750,3108.1666666666665,3116.3333333333335,2847.5,2749.5,2708.0
20100212,-5.66,1.89,-5.66,1.89,200,-39.58,42.86,0.0,0.02,1,1,1,2515,0,1,0,0,0,2700,2500,2500,2700,3110.0,3127.6666666666665,2867.75,2767.0,2678.0
20100211,-2.94,0.18,-4.23,-2.57,331,-76.19,3200.0,0.0,0.04,1,1,1,2469,0,1,0,0,0,2650,2640,2605,2725,3111.625,3139.8333333333335,2889.75,2790.5,2680.0
20100210,-3.68,0.37,-11.21,0.0,1390,1885.71,57.95,0.0,0.15,1,1,1,2534,0,1,0,0,0,2720,2620,2415,2730,3112.8333333333335,3148.75,2915.25,2827.5,2747.0
20100209,0.0,4.62,-3.85,4.62,70,-96.85,133.33,0.0,0.01,1,1,1,2534,0,1,0,0,0,2720,2600,2500,2720,3114.0,3160.5833333333335,2934.25,2835.5,2769.0
20100208,-7.75,8.49,-10.7,-4.06,2220,416.28,500.0,0.0,0.24,1,1,1,2422,0,1,0,0,0,2600,2500,2420,2940,3114.6666666666665,3171.4166666666665,2956.0,2843.5,2791.0
20100205,0.84,0.84,-9.21,-9.21,430,-78.39,7.69,0.0,0.05,1,1,1,2524,0,1,0,0,0,2710,3010,2710,3010,3117.4166666666665,3183.0833333333335,2983.25,2864.5,2856.0
20100204,-0.35,5.65,-8.13,5.48,1990,0.0,395.0,0.0,0.21,1,1,1,2781,0,1,0,0,0,2985,2820,2600,2990,3119.0833333333335,3191.4166666666665,3006.5,2888.0,2901.0
20100203,0.0,0.0,0.0,0.0,0,-100.0,0.0,0.0,0.0,1,1,1,2636,0,1,0,0,0,2830,2830,2830,2830,3118.5833333333335,3196.6666666666665,3015.75,2886.5,2908.0
20100202,-11.11,-0.85,-11.11,-3.25,310,1450.0,14.81,0.0,0.03,1,1,1,2636,0,1,0,0,0,2830,2600,2600,2900,3119.375,3206.8333333333335,3032.5,2912.0,2902.0
20100201,-0.34,-0.34,-0.34,-0.34,20,0.0,0.0,0.0,0.0,1,1,1,2725,0,1,0,0,0,2925,2925,2925,2925,3119.125,3216.9166666666665,3046.0,2945.5,2896.0
20100129,-2.81,-2.81,-2.81,-2.81,0,-100.0,0.0,0.0,0.0,1,1,1,2734,0,1,0,0,0,2935,2935,2935,2935,3118.0833333333335,3225.4166666666665,3057.5,2968.5,2873.0
20100128,1.61,9.82,1.61,7.86,200,185.71,100.0,0.0,0.02,1,1,1,2813,0,1,0,0,0,3020,2845,2845,3075,3118.1666666666665,3234.75,3067.25,2989.0,2875.0
20100127,0.0,3.57,-3.57,0.0,70,-97.45,250.0,0.0,0.01,1,1,1,2608,0,1,0,0,0,2800,2800,2700,2900,3117.25,3243.5833333333335,3070.0,3003.0,2865.0
20100126,-1.42,1.6,-9.25,-0.36,2750,186.46,2.61,0.0,0.3,1,1,1,2608,0,1,0,0,0,2800,2770,2550,2855,3118.25,3253.4166666666665,3100.0,3033.0,2922.0
20100125,-6.62,1.19,-6.62,-4.58,960,123.26,71.43,0.0,0.1,1,1,1,2618,0,1,0,0,0,2810,2750,2750,2980,3117.9166666666665,3262.75,3115.0,3068.5,2995.0
20100122,0.67,1.01,-3.37,-0.84,430,-86.04,10.26,0.0,0.05,1,1,1,2743,0,1,0,0,0,2945,2990,2870,3000,3118.375,3270.5,3129.75,3102.0,3064.0
20100121,-2.27,0.0,-7.62,-3.73,3080,516.0,39.55,0.0,0.33,1,1,1,2767,0,1,0,0,0,2970,3015,2850,3085,3118.0,3280.9166666666665,3143.25,3125.0,3103.0
20100120,-2.05,1.11,-4.74,-2.53,500,900.0,14.63,0.0,0.05,1,1,1,2874,0,1,0,0,0,3085,3100,3015,3200,3115.5,3284.6666666666665,3157.5,3145.0,3141.0
20100119,-0.48,0.32,-1.74,0.32,50,-66.67,300.0,0.0,0.01,1,1,1,2948,0,1,0,0,0,3165,3140,3100,3165,3111.4583333333335,3285.75,3161.75,3153.0,3144.0
20100118,0.0,5.1,-1.11,0.48,150,-21.05,275.0,0.0,0.02,1,1,1,2939,0,1,0,0,0,3155,3140,3105,3300,3105.9166666666665,3283.5,3169.5,3146.5,3142.0
20100115,-0.79,-0.47,-2.53,-0.63,190,-73.61,72.73,0.0,0.02,1,1,1,2925,0,1,0,0,0,3140,3135,3080,3145,3099.2083333333335,3279.25,3177.75,3146.5,3140.0
20100114,0.65,2.42,-3.23,1.94,720,500.0,26.32,0.0,0.08,1,1,1,2944,0,1,0,0,0,3160,3120,3000,3175,3095.5,3276.75,3188.5,3145.5,3147.0
20100113,-0.16,0.63,-2.06,-1.74,120,-71.43,120.0,0.0,0.01,1,1,1,2888,0,1,0,0,0,3100,3150,3090,3175,3091.625,3274.0833333333335,3195.75,3137.0,3149.0
20100112,-0.48,0.32,-3.02,0.32,420,-72.9,13.51,0.0,0.05,1,1,1,2939,0,1,0,0,0,3155,3130,3050,3155,3087.25,3271.5833333333335,3200.5,3167.0,3162.0
20100111,-0.47,0.47,-2.68,-0.94,1550,2114.29,2466.67,0.0,0.17,1,-1,1,2930,0,1,0,0,0,3145,3160,3090,3190,3082.1666666666665,3269.0,3198.75,3161.5,3151.0
20100108,-0.32,0.32,-2.52,0.16,70,-56.25,600.0,0.0,0.01,1,1,1,2958,0,1,0,0,0,3175,3160,3090,3180,3076.8333333333335,3267.25,3197.5,3157.5,3153.0
20100107,-0.32,0.63,-2.05,0.16,160,0.0,60.0,0.0,0.02,1,1,1,2953,0,1,0,0,0,3170,3155,3100,3185,3071.2083333333335,3264.0,3190.25,3161.5,3144.0
20100106,0.0,2.1,0.0,2.1,160,-78.08,0.0,0.0,0.02,1,1,1,2948,0,1,0,0,0,3165,3100,3100,3165,3066.8333333333335,3261.9166666666665,3193.25,3170.0,3125.0
20100105,-0.16,0.48,-4.91,-1.74,730,151.72,11.48,0.0,0.08,1,1,1,2888,0,1,0,0,0,3100,3150,3000,3170,3063.75,3259.9166666666665,3196.75,3170.5,3172.0
20100104,0.0,0.8,0.0,0.8,290,-93.33,70.59,0.0,0.03,1,1,1,2939,0,1,0,0,0,3155,3130,3130,3155,3061.25,3257.3333333333335,3203.5,3192.5,3172.0
20091230,0.65,14.96,-1.79,1.79,4350,787.76,39.1,0.0,0.47,1,1,1,2916,0,1,0,0,0,3130,3095,3020,3535,3057.625,3255.4166666666665,3200.75,3209.0,3162.0
20091229,2.94,2.94,-9.56,-9.56,490,-94.05,140.0,0.0,0.05,1,-1,1,2864,0,1,0,0,0,3075,3500,3075,3500,3054.2916666666665,3253.25,3206.75,3231.5,3179.0
20091228,0.81,12.9,-3.23,9.68,8240,20500.0,63.94,0.0,0.88,1,1,1,3167,0,1,0,0,0,3400,3125,3000,3500,3051.5416666666665,3253.25,3210.0,3254.5,3215.0
20091224,0.81,0.81,-0.16,-0.16,40,-96.43,0.0,0.0,0.0,1,1,1,2888,0,1,0,0,0,3100,3130,3100,3130,3045.25,3245.1666666666665,3224.5,3234.0,3169.0
20091223,0.47,3.89,-3.58,-3.42,1120,-30.86,63.24,0.0,0.12,1,1,1,2892,0,1,0,0,0,3105,3230,3100,3340,3040.9166666666665,3242.3333333333335,3258.75,3236.0,3213.0
20091222,0.46,8.14,-1.23,-1.23,1620,92.86,19.12,0.0,0.17,1,1,1,2995,0,1,0,0,0,3215,3270,3215,3520,3036.0416666666665,3239.75,3297.5,3237.5,3256.0
20091221,0.32,14.98,0.32,2.68,840,-70.42,115.38,0.0,0.09,1,1,1,3032,0,1,0,0,0,3255,3180,3180,3645,3029.375,3235.6666666666665,3307.25,3219.0,3284.0
20091218,-0.15,-0.15,-7.53,-4.52,2840,-1.73,231.76,0.0,0.3,1,1,1,2953,0,1,0,0,0,3170,3315,3070,3315,3021.2083333333335,3231.1666666666665,3334.25,3216.5,3294.0
20091217,-7.68,0.0,-7.68,0.0,2890,172.64,9533.33,0.0,0.31,1,1,1,3093,0,1,0,0,0,3320,3065,3065,3320,3013.2083333333335,3228.0,3345.25,3223.0,3299.0
20091216,5.81,5.81,-1.79,-1.04,1060,-66.98,140.91,0.0,0.11,1,1,1,3093,0,1,0,0,0,3320,3550,3295,3550,3003.3333333333335,3222.4166666666665,3332.0,3214.5,3259.0
20091215,0.15,8.32,-8.32,1.51,3210,-4.18,226.97,0.0,0.34,1,1,1,3125,0,1,0,0,0,3355,3310,3030,3580,2993.5,3218.4166666666665,3337.5,3192.5,3219.0
20091214,-5.48,10.17,-5.48,3.44,3350,3250.0,123.26,0.0,0.36,1,1,1,3079,0,1,0,0,0,3305,3020,3020,3520,2983.375,3212.5,3341.25,3182.0,3154.0
20091211,0.0,2.4,-1.92,2.4,100,-73.68,400.0,0.0,0.01,1,1,1,2976,0,1,0,0,0,3195,3120,3060,3195,2974.0,3207.3333333333335,3335.25,3165.5,3139.0
20091210,0.64,2.72,-1.92,0.0,380,-92.23,442.86,0.0,0.04,1,1,1,2906,0,1,0,0,0,3120,3140,3060,3205,2965.5416666666665,3203.0833333333335,3347.0,3215.0,3147.0
20091209,-2.64,14.85,-2.64,2.97,4890,420.21,134.8,0.0,0.52,1,1,1,2906,0,1,0,0,0,3120,2950,2950,3480,2957.4583333333335,3199.75,3359.5,3281.5,3170.0
20091208,0.0,0.0,-6.19,-6.19,940,9300.0,3.57,0.0,0.1,1,1,1,2823,0,1,0,0,0,3030,3230,3030,3230,2948.9583333333335,3196.5,3368.5,3357.5,3166.0
20091207,-0.15,-0.15,-0.15,-0.15,10,-99.55,0.0,0.0,0.0,1,1,1,3009,0,1,0,0,0,3230,3230,3230,3230,2941.2083333333335,3194.8333333333335,3377.5,3395.5,3210.0
20091204,-1.08,5.1,-1.08,0.0,2210,-80.88,636.67,0.0,0.24,1,1,1,3014,0,1,0,0,0,3235,3200,3200,3400,2932.4166666666665,3190.4166666666665,3381.0,3452.0,3192.0
20091203,10.0,10.0,-3.06,4.35,11560,-18.88,15.6,0.0,1.24,1,1,1,3014,0,1,0,0,0,3235,3410,3005,3410,2923.625,3185.1666666666665,3391.25,3467.5,3283.0
20091202,-7.08,-1.54,-7.69,-4.62,14250,61.02,22.84,0.0,1.53,1,1,1,2888,0,1,0,0,0,3100,3020,3000,3200,2914.3333333333335,3180.9166666666665,3401.25,3449.5,3393.0
20091201,-1.59,4.94,-7.96,3.5,8850,-64.94,155.7,0.0,0.95,1,1,1,3028,0,1,0,0,0,3250,3090,2890,3295,2906.5833333333335,3179.25,3418.0,3482.5,3549.0
20091130,-2.44,2.03,-14.91,-14.91,25240,2021.01,10.61,0.0,2.71,1,1,1,2925,0,1,0,0,0,3140,3600,3140,3765,2897.4583333333335,3174.9166666666665,3430.25,3500.5,3581.0
20091127,-4.1,2.38,-12.81,-2.51,1190,-91.57,561.11,0.0,0.13,1,1,1,3437,0,1,0,0,0,3690,3630,3300,3875,2889.2083333333335,3172.4166666666665,3450.75,3505.0,3712.0
20091126,-9.54,-1.03,-14.95,-2.45,14110,853.38,40.82,0.0,1.51,1,1,1,3526,0,1,0,0,0,3785,3510,3300,3840,2876.375,3159.4166666666665,3435.75,3479.0,3652.0
20091125,7.04,14.96,-5.28,13.78,1480,-51.63,2014.29,0.0,0.16,1,1,1,3614,0,1,0,0,0,3880,3650,3230,3920,2862.75,3145.5,3414.5,3437.5,3506.0
20091124,0.66,5.4,-12.38,-10.14,3060,-76.46,238.2,0.0,0.33,1,1,1,3177,0,1,0,0,0,3410,3820,3325,4000,2848.1666666666665,3130.5,3384.25,3379.5,3416.0
20091123,-0.59,12.09,-8.55,11.95,13000,340.68,78.43,0.0,1.4,1,1,1,3535,0,1,0,0,0,3795,3370,3100,3800,2836.8333333333335,3123.5,3392.25,3359.5,3420.0
20091120,-0.16,13.91,-0.16,10.97,2950,22.2,147.9,0.0,0.32,1,1,1,3158,0,1,0,0,0,3390,3050,3050,3480,2822.0416666666665,3109.6666666666665,3362.25,3310.0,3298.0
20091119,-9.48,-3.21,-10.93,-10.93,2414,631.52,9.09,0.0,0.26,1,1,1,2846,0,1,0,0,0,3055,3105,3055,3320,2810.0416666666665,3103.0,3350.25,3315.0,3306.0
20091118,1.6,1.6,-7.43,0.0,330,-78.98,200.0,0.0,0.04,1,1,1,3195,0,1,0,0,0,3430,3485,3175,3485,2800.9583333333335,3100.0,3349.0,3353.0,3369.0
20091117,-4.24,7.69,-4.24,7.69,1570,6.08,124.29,0.0,0.17,1,1,1,3195,0,1,0,0,0,3430,3050,3050,3430,2790.0833333333335,3092.3333333333335,3322.5,3353.5,3343.0
20091116,-9.04,-1.17,-9.04,-7.14,1480,7300.0,29.82,0.0,0.16,1,1,1,2967,0,1,0,0,0,3185,3120,3120,3390,2777.875,3083.4166666666665,3300.5,3360.0,3299.0
20091113,-7.42,1.78,-7.42,1.78,20,-99.48,100.0,0.0,0.0,1,1,1,3195,0,1,0,0,0,3430,3120,3120,3430,2767.8333333333335,3076.9166666666665,3291.25,3396.5,3322.0
20091112,2.12,2.12,-7.58,2.12,3850,-7.45,11.59,0.0,0.41,1,1,1,3139,0,1,0,0,0,3370,3370,3050,3370,2755.875,3067.4166666666665,3267.25,3392.5,3324.0
20091111,0.31,6.54,-6.54,2.8,4160,-39.23,18.86,0.0,0.45,1,1,1,3074,0,1,0,0,0,3300,3220,3000,3420,2744.4583333333335,3057.9166666666665,3248.75,3391.5,3337.0
20091110,0.61,5.15,-4.55,-2.73,6846,1076.29,16.44,0.0,0.73,1,1,1,2990,0,1,0,0,0,3210,3320,3150,3470,2732.7083333333335,3051.75,3235.75,3389.0,3364.0
20091109,0.0,1.45,-4.07,-4.07,582,-70.61,5700.0,0.0,0.06,1,-1,1,3074,0,1,0,0,0,3300,3440,3300,3490,2721.875,3046.75,3224.25,3425.0,3421.0
20091106,0.0,1.46,0.0,0.15,1980,73.68,3860.0,0.0,0.21,1,1,1,3205,0,1,0,0,0,3440,3435,3435,3485,2710.2916666666665,3040.5,3211.5,3414.5,3471.0
20091105,1.6,1.6,-3.93,0.0,1140,-80.48,178.05,0.0,0.12,1,1,1,3200,0,1,0,0,0,3435,3490,3300,3490,2697.625,3031.9166666666665,3191.75,3385.5,3461.0
20091104,-7.58,-1.29,-7.73,-1.72,5840,8.75,86.58,0.0,0.63,1,1,1,3200,0,1,0,0,0,3435,3230,3225,3450,2684.9583333333335,3021.3333333333335,3167.25,3345.0,3446.0
20091103,-1.41,2.25,-7.04,-1.55,5370,208.62,52.12,0.0,0.58,1,1,1,3256,0,1,0,0,0,3495,3500,3300,3630,2672.0416666666665,3010.75,3147.5,3291.5,3414.0
20091102,-1.18,4.72,-1.18,4.72,1740,815.79,248.0,0.0,0.19,1,1,1,3307,0,1,0,0,0,3550,3350,3350,3550,2658.875,3001.5833333333335,3122.75,3241.0,3429.0
20091030,-4.46,0.89,-9.23,0.89,190,-62.75,533.33,0.0,0.02,1,1,1,3158,0,1,0,0,0,3390,3210,3050,3390,2645.25,2990.9166666666665,3099.0,3186.0,3358.0
20091029,0.46,9.31,-8.09,2.6,510,-69.64,325.0,0.0,0.05,1,1,1,3130,0,1,0,0,0,3360,3290,3010,3580,2633.0,2983.0833333333335,3075.25,3142.0,3310.0
20091028,-12.89,-1.96,-13.03,-8.26,1680,-86.79,2300.0,0.0,0.18,1,1,1,3051,0,1,0,0,0,3275,3110,3105,3500,2621.5,2973.0833333333335,3053.75,3106.0,3244.0
20091027,-9.23,11.74,-9.23,11.74,12720,670.91,154.4,0.0,1.37,1,1,1,3326,0,1,0,0,0,3570,2900,2900,3570,2610.2916666666665,2966.25,3037.5,3082.5,3169.0
20091026,0.0,1.43,0.0,1.43,1650,-72.55,211.32,0.0,0.18,1,1,1,2976,0,1,0,0,0,3195,3150,3150,3195,2596.2083333333335,2955.0833333333335,3007.5,3023.5,3053.0
20091023,-4.29,3.96,-4.62,3.96,6010,29950.0,130.27,0.0,0.65,1,1,1,2934,0,1,0,0,0,3150,2900,2890,3150,2585.7083333333335,2946.3333333333335,2997.0,3008.5,3014.0
20091022,0.52,4.48,0.52,4.48,20,-99.74,0.0,0.0,0.0,1,1,1,2823,0,1,0,0,0,3030,2915,2915,3030,2575.1666666666665,2937.1666666666665,2988.5,2998.0,2974.0
20091021,0.33,0.67,-5.69,-3.01,7590,8333.33,21.66,0.0,0.81,1,1,1,2701,0,1,0,0,0,2900,3000,2820,3010,2565.625,2928.3333333333335,2986.25,2989.5,2968.0
20091020,-0.17,-0.17,-3.17,-0.33,90,800.0,800.0,0.0,0.01,1,1,1,2785,0,1,0,0,0,2990,2995,2905,2995,2557.2916666666665,2919.1666666666665,2995.25,3003.5,2996.0
20091019,1.69,1.69,1.69,1.69,10,-99.36,0.0,0.0,0.0,1,1,1,2795,0,1,0,0,0,3000,3000,3000,3000,2547.25,2914.25,2995.75,3004.5,2994.0
20091016,4.67,4.67,-3.83,-1.67,1560,-48.34,290.0,0.0,0.17,1,1,1,2748,0,1,0,0,0,2950,3140,2885,3140,2537.25,2909.1666666666665,2995.5,3012.0,3003.0
20091015,-1.32,-1.32,-1.32,-1.32,3020,-74.94,239.33,0.0,0.32,1,1,1,2795,0,1,0,0,0,3000,3000,3000,3000,2527.5833333333335,2902.9166666666665,2995.0,3008.5,3022.0
20091014,-4.36,2.35,-4.36,2.01,12050,-19.93,6.45,0.0,1.29,1,1,1,2832,0,1,0,0,0,3040,2850,2850,3050,2517.3333333333335,2895.3333333333335,2991.0,3001.5,3011.0
20091013,-1.48,-1.48,-6.4,-2.13,15050,6.97,11.4,0.0,1.62,1,1,1,2776,0,1,0,0,0,2980,3000,2850,3000,2506.5833333333335,2886.4166666666665,2985.25,2992.5,3011.0
20091012,-1.48,0.0,-9.69,0.0,14070,-27.51,28.96,0.0,1.51,1,1,1,2837,0,1,0,0,0,3045,3000,2750,3045,2495.7916666666665,2878.4166666666665,2982.75,2991.5,3015.0
20091009,-6.62,3.4,-6.62,3.4,19410,276.89,31.44,0.0,2.08,1,1,1,2837,0,1,0,0,0,3045,2750,2750,3045,2484.7916666666665,2871.75,2978.75,2985.5,3021.0
20091008,-1.32,-0.49,-7.24,-3.12,5150,123.91,11.96,0.0,0.55,1,1,1,2743,0,1,0,0,0,2945,3000,2820,3025,2473.9166666666665,2867.5833333333335,2972.5,2979.0,2995.0
20091007,0.0,1.33,-3.33,1.33,2300,-79.41,666.67,0.0,0.25,1,1,1,2832,0,1,0,0,0,3040,3000,2900,3040,2463.2916666666665,2865.1666666666665,2974.25,2983.0,2992.0
20091006,-8.62,0.81,-10.57,-2.44,11170,111600.0,43.94,0.0,1.2,1,1,1,2795,0,1,0,0,0,3000,2810,2750,3100,2452.0833333333335,2859.8333333333335,2972.25,2987.0,2974.0
20091005,5.49,5.49,5.49,5.49,10,0.0,0.0,0.0,0.0,1,1,1,2864,0,1,0,0,0,3075,3075,3075,3075,2441.5,2855.3333333333335,2971.75,2987.0,2968.0
20091001,-0.51,-0.51,-0.51,-0.51,0,-100.0,0.0,0.0,0.0,1,1,1,2715,0,1,0,0,0,2915,2915,2915,2915,2429.75,2849.8333333333335,2967.5,2979.0,2950.0
20090930,6.44,6.44,-5.08,-0.68,8050,35.52,2.16,0.0,0.86,1,-1,1,2729,0,1,0,0,0,2930,3140,2800,3140,2419.7083333333335,2845.3333333333335,2967.25,2981.5,2963.0
20090929,-7.41,1.01,-7.41,-0.67,5940,-75.68,50.76,0.0,0.64,1,1,1,2748,0,1,0,0,0,2950,2750,2750,3000,2409.4583333333335,2839.5,2968.25,2980.5,2974.0
20090928,5.86,5.86,-4.69,-0.5,24420,2225.71,21.01,0.0,2.62,1,1,1,2767,0,1,0,0,0,2970,3160,2845,3160,2398.75,2832.3333333333335,2969.75,2978.0,3000.0
20090925,-6.04,0.17,-6.04,0.17,1050,218.18,5.0,0.0,0.11,1,1,1,2781,0,1,0,0,0,2985,2800,2800,2985,2388.1666666666665,2823.0833333333335,2970.75,2974.0,3006.0
20090924,0.0,0.0,-5.86,-0.17,330,-81.03,0.0,0.0,0.04,1,1,1,2776,0,1,0,0,0,2980,2985,2810,2985,2376.7916666666665,2811.25,2969.75,2972.0,3008.0
20090923,0.0,0.0,-5.84,-3.08,1740,-85.88,1.75,0.0,0.19,1,1,1,2781,0,1,0,0,0,2985,3080,2900,3080,2365.25,2798.4166666666665,2970.25,2966.0,3000.0
20090922,0.0,14.83,-0.17,2.67,12320,33.19,73.62,0.0,1.32,1,1,1,2869,0,1,0,0,0,3080,3000,2995,3445,2353.7083333333335,2784.25,2964.75,2965.5,2987.0
20090921,0.17,0.17,-2.84,0.17,9250,114.62,54.81,0.0,0.99,1,1,1,2795,0,1,0,0,0,3000,3000,2910,3000,2341.25,2768.5833333333335,2959.25,2957.5,2956.0
20090918,-0.68,2.04,-1.02,1.87,4310,265.25,9999.99,0.0,0.46,1,-1,1,2790,0,1,0,0,0,2995,2920,2910,3000,2329.5416666666665,2754.25,2954.0,2956.5,2942.0
20090917,0.0,0.68,-1.37,0.68,1180,-15.71,372.0,0.0,0.13,1,1,1,2739,0,1,0,0,0,2940,2920,2880,2940,2317.3333333333335,2740.6666666666665,2944.0,2956.0,2936.0
20090916,-0.17,-0.17,-0.17,-0.17,1400,6900.0,566.67,0.0,0.15,1,1,1,2720,0,1,0,0,0,2920,2920,2920,2920,2307.8333333333335,2728.0,2940.0,2953.0,2932.0
20090915,-0.17,-0.17,-0.17,-0.17,20,-98.84,0.0,0.0,0.0,1,1,1,2725,0,1,0,0,0,2925,2925,2925,2925,2297.25,2715.1666666666665,2934.0,2956.0,2944.0
20090914,-1.35,-1.18,-1.52,-1.18,1730,981.25,0.0,0.0,0.19,1,1,1,2729,0,1,0,0,0,2930,2925,2920,2930,2287.5,2701.4166666666665,2934.25,2961.5,2959.0
20090911,0.0,1.54,-0.68,1.54,160,128.57,23.08,0.0,0.02,1,1,1,2762,0,1,0,0,0,2965,2920,2900,2965,2276.1666666666665,2687.5833333333335,2933.25,2967.5,2971.0
20090910,-0.34,-0.34,-2.01,-2.01,70,600.0,0.0,0.0,0.01,1,1,1,2720,0,1,0,0,0,2920,2970,2920,2970,2263.9583333333335,2674.4166666666665,2931.25,2967.5,2976.0
20090909,-0.67,-0.67,-0.67,-0.67,10,-99.88,0.0,0.0,0.0,1,1,1,2776,0,1,0,0,0,2980,2980,2980,2980,2252.125,2662.0833333333335,2931.5,2974.5,2974.0
20090908,0.0,6.69,-1.34,0.33,8630,4009.52,111.52,0.0,0.93,1,1,1,2795,0,1,0,0,0,3000,2990,2950,3190,2239.0,2647.75,2922.5,2964.0,2968.0
20090907,0.17,0.17,-3.34,0.0,210,950.0,16.67,0.0,0.02,1,1,1,2785,0,1,0,0,0,2990,2995,2890,2995,2224.8333333333335,2633.9166666666665,2912.5,2961.0,2964.0
20090904,0.0,2.75,0.0,2.75,20,-99.31,0.0,0.0,0.0,1,1,1,2785,0,1,0,0,0,2990,2910,2910,2990,2210.0833333333335,2620.0,2910.25,2951.5,2964.0
20090903,0.0,0.34,-1.69,-1.36,2881,330.0,836.67,0.0,0.31,1,1,1,2711,0,1,0,0,0,2910,2950,2900,2960,2195.8333333333335,2606.0,2906.25,2932.0,2959.0
20090902,-0.17,-0.17,-1.34,-1.01,670,346.67,123.33,0.0,0.07,1,1,1,2748,0,1,0,0,0,2950,2975,2940,2975,2181.8333333333335,2593.3333333333335,2906.75,2927.0,2975.0
20090901,0.0,0.33,-0.33,-0.33,150,-92.35,0.0,0.0,0.02,1,1,1,2776,0,1,0,0,0,2980,2990,2980,3000,2167.5833333333335,2580.0,2897.25,2912.0,2960.0
20090831,-1.69,1.01,-1.85,0.84,1960,106.32,64.71,0.0,0.21,1,1,1,2785,0,1,0,0,0,2990,2915,2910,2995,2153.375,2565.8333333333335,2891.5,2907.0,2958.0
20090828,-2.68,0.0,-3.01,-0.84,950,-86.15,3.66,0.0,0.1,1,1,1,2762,0,1,0,0,0,2965,2910,2900,2990,2137.9583333333335,2550.1666666666665,2887.0,2899.0,2939.0
20090827,0.7,4.17,0.7,4.0,6860,851.46,734.57,0.0,0.74,1,1,1,2785,0,1,0,0,0,2990,2895,2895,2995,2123.0,2534.4166666666665,2872.25,2895.0,2905.0
20090826,2.19,2.19,-4.88,-3.2,721,-62.07,24.14,0.0,0.08,1,-1,1,2678,0,1,0,0,0,2875,3035,2825,3035,2108.0,2517.0833333333335,2852.75,2888.5,2879.0
20090825,0.17,3.28,-1.21,2.59,1901,-36.21,9400.0,0.0,0.2,1,1,1,2767,0,1,0,0,0,2970,2900,2860,2990,2093.5,2501.9166666666665,2834.0,2881.0,2864.0
20090824,-1.97,3.58,-1.97,3.58,2980,-70.81,43.96,0.0,0.32,1,1,1,2697,0,1,0,0,0,2895,2740,2740,2895,2079.0,2487.8333333333335,2803.0,2864.0,2856.0
20090821,4.2,4.2,-3.85,-2.27,10210,-24.15,11.11,0.0,1.1,1,-1,1,2604,0,1,0,0,0,2795,2980,2750,2980,2063.9166666666665,2472.3333333333335,2793.0,2869.0,2859.0
20090820,6.79,6.96,0.0,2.14,13460,30.55,23.1,0.0,1.44,1,1,1,2664,0,1,0,0,0,2860,2990,2800,2995,2049.8333333333335,2458.75,2788.0,2880.5,2885.0
20090819,0.0,2.39,-4.44,-4.44,10310,17083.33,160.1,0.0,1.11,1,-1,1,2608,0,1,0,0,0,2800,2930,2800,3000,2035.2916666666667,2444.3333333333335,2773.75,2886.5,2898.0
20090818,0.69,0.69,0.52,0.69,60,50.0,500.0,0.0,0.01,1,1,1,2729,0,1,0,0,0,2930,2930,2925,2930,2021.1666666666667,2431.0,2761.0,2882.5,2898.0
20090817,-5.64,-0.51,-5.64,-0.51,40,-97.5,33.33,0.0,0.0,1,1,1,2711,0,1,0,0,0,2910,2760,2760,2910,2006.1666666666667,2413.6666666666665,2739.75,2876.0,2872.0
20090814,0.0,0.0,-4.96,0.0,1600,207.69,146.15,0.0,0.17,1,1,1,2725,0,1,0,0,0,2925,2925,2780,2925,1991.3333333333333,2397.0,2719.25,2875.0,2879.0
20090813,4.64,4.64,-0.36,4.46,520,-28.77,5000.0,0.0,0.06,1,1,-1,2725,0,1,0,0,0,2925,2930,2790,2930,1975.8333333333333,2380.0833333333335,2705.25,2849.5,2876.0
20090812,0.89,0.89,-3.57,0.0,730,-45.03,46.0,0.0,0.08,1,1,1,2608,0,1,0,0,0,2800,2825,2700,2825,1960.6666666666667,2363.3333333333335,2698.75,2817.0,2875.0
20090811,-0.17,0.0,-11.54,-4.92,1328,-38.52,32.0,0.0,0.14,1,-1,1,2608,0,1,0,0,0,2800,2940,2605,2945,1946.625,2348.5833333333335,2698.75,2787.0,2867.0
20090810,-2.92,7.39,-2.92,1.2,2160,-79.03,380.0,0.0,0.23,1,1,1,2743,0,1,0,0,0,2945,2825,2825,3125,1932.7083333333333,2333.3333333333335,2694.75,2742.0,2880.0
20090807,-0.34,2.57,-3.42,-0.34,10300,1675.86,181.64,0.0,1.11,1,1,1,2711,0,1,0,0,0,2910,2910,2820,2995,1917.1666666666667,2316.1666666666665,2684.0,2717.0,2871.0
20090806,0.54,7.97,-6.16,5.8,580,-93.25,375.0,0.0,0.06,1,1,1,2720,0,1,0,0,0,2920,2775,2590,2980,1902.0833333333333,2299.5833333333335,2675.75,2695.5,2823.0
20090805,-2.44,14.83,-4.71,-3.66,8591,505.0,186.33,0.0,0.92,1,1,1,2571,0,1,0,0,0,2760,2795,2730,3290,1886.9166666666667,2282.9166666666665,2662.0,2661.0,2759.0
20090804,1.72,1.72,-4.83,-1.21,1420,-88.04,184.0,0.0,0.15,1,1,1,2669,0,1,0,0,0,2865,2950,2760,2950,1873.25,2269.9166666666665,2653.0,2639.5,2707.0
20090803,0.75,12.36,-5.81,8.61,11870,941.23,713.01,0.0,1.27,1,1,1,2701,0,1,0,0,0,2900,2690,2515,3000,1858.625,2254.3333333333335,2635.75,2603.5,2604.0
20090731,2.5,3.27,-3.08,2.69,1140,58.11,2.7,0.0,0.12,1,1,1,2487,0,1,0,0,0,2670,2665,2520,2685,1843.8333333333333,2237.3333333333335,2611.5,2563.5,2563.0
20090730,5.6,5.6,3.8,4.0,721,-89.6,0.0,0.0,0.08,1,-1,1,2422,0,1,0,0,0,2600,2640,2595,2640,1831.0,2225.0833333333335,2591.75,2561.0,2568.0
20090729,6.38,11.91,4.26,6.38,6930,-49.64,55.03,0.0,0.74,1,1,1,2329,0,1,0,0,0,2500,2500,2450,2630,1818.7916666666667,2213.1666666666665,2572.25,2580.5,2563.0
20090728,-2.78,-0.74,-14.84,-12.8,13760,490.56,15.84,0.0,1.48,1,1,1,2189,0,1,0,0,0,2350,2620,2295,2675,1807.4583333333333,2202.9166666666665,2554.0,2610.5,2572.0
20090727,2.41,3.71,0.0,0.0,2330,4.02,41.21,0.0,0.25,1,1,1,2511,0,1,0,0,0,2695,2760,2695,2795,1796.9166666666667,2195.4166666666665,2543.5,2647.5,2603.0
20090724,-1.17,7.77,-1.36,4.66,2240,85.12,127.55,0.0,0.24,1,-1,1,2511,0,1,0,0,0,2695,2545,2540,2775,1784.2916666666667,2180.25,2515.75,2651.0,2564.0
20090723,2.16,2.16,0.98,1.18,1210,-78.04,0.0,0.0,0.13,1,1,1,2399,0,1,0,0,0,2575,2600,2570,2600,0.0,2165.3333333333335,2490.0,2656.0,2554.0
20090722,0.2,7.58,0.2,1.6,5510,33.74,99.25,0.0,0.59,1,1,1,2371,0,1,0,0,0,2545,2510,2510,2695,0.0,2152.25,2470.25,2663.0,2598.0
20090721,0.4,8.8,-2.0,0.2,4120,5.37,334.04,0.0,0.44,1,1,1,2334,0,1,0,0,0,2505,2510,2450,2720,0.0,2139.3333333333335,2450.5,2666.5,2649.0
20090720,0.57,0.57,-6.62,-5.48,3910,-16.27,49.24,0.0,0.42,1,1,1,2329,0,1,0,0,0,2500,2660,2470,2660,0.0,2126.75,2430.25,2668.0,2692.0
20090717,-6.98,-0.36,-6.98,-5.37,4670,522.67,313.27,0.0,0.5,1,1,1,2464,0,1,0,0,0,2645,2600,2600,2785,0.0,2113.1666666666665,2410.25,2659.5,2738.0
20090716,1.07,1.43,-13.21,-0.18,750,6150.0,44.23,0.0,0.08,1,1,1,2604,0,1,0,0,0,2795,2830,2430,2840,0.0,2097.8333333333335,2386.75,2622.5,2758.0
20090715,2.94,2.94,2.94,2.94,12,-96.68,0.0,0.0,0.0,1,1,1,2608,0,1,0,0,0,2800,2800,2800,2800,0.0,2080.25,2356.0,2564.0,2728.0
20090714,4.03,4.03,-4.76,-0.37,361,-67.48,28.57,0.0,0.04,1,1,1,2534,0,1,0,0,0,2720,2840,2600,2840,0.0,2061.4166666666665,2322.0,2497.5,2684.0
20090713,2.0,2.0,-1.64,-0.55,1110,-69.25,0.0,0.0,0.12,1,1,1,2543,0,1,0,0,0,2730,2800,2700,2800,0.0,2044.3333333333333,2294.5,2439.5,2644.0
20090710,0.0,5.86,-6.81,3.78,3610,31.27,4412.5,0.0,0.39,1,-1,1,2557,0,1,0,0,0,2745,2645,2465,2800,0.0,2027.6666666666667,2265.75,2380.5,2581.0
20090709,0.0,7.56,-1.16,2.52,2750,-60.6,113.45,0.0,0.3,1,1,1,2464,0,1,0,0,0,2645,2580,2550,2775,0.0,2009.6666666666667,2236.0,2324.0,2487.0
20090708,0.0,4.96,-10.52,2.38,6980,304.4,73.63,0.0,0.75,1,1,1,2403,0,1,0,0,0,2580,2520,2255,2645,0.0,1994.0833333333333,2211.25,2277.5,2400.0
20090707,1.86,4.55,-10.35,4.35,1726,-75.79,72.73,0.0,0.19,1,1,1,2347,0,1,0,0,0,2520,2460,2165,2525,0.0,1979.4166666666667,2189.75,2234.5,2311.0
20090706,-9.01,13.41,-9.01,6.15,7130,226.91,92.41,0.0,0.77,1,1,1,2250,0,1,0,0,0,2415,2070,2070,2580,0.0,1965.1666666666667,2170.25,2192.5,2235.0
20090703,-5.66,3.85,-5.88,2.94,2181,-57.77,99.07,0.0,0.23,1,1,1,2119,0,1,0,0,0,2275,2085,2080,2295,0.0,1953.25,2152.0,2161.0,2180.0
20090702,0.0,14.75,-3.51,3.51,5164,159.5,164.62,0.0,0.55,1,-1,1,2059,0,1,0,0,0,2210,2135,2060,2450,0.0,1942.3333333333333,2139.25,2151.0,2161.0
20090701,0.0,0.0,-5.84,-0.23,1990,-83.31,84.26,0.0,0.21,1,1,1,1989,0,1,0,0,0,2135,2140,2015,2140,0.0,1932.0833333333333,2126.25,2148.0,2155.0
20090630,0.93,14.95,-8.88,0.0,11922,201.98,90.26,0.0,1.28,1,1,1,1994,0,1,0,0,0,2140,2160,1950,2460,0.0,1923.1666666666667,2117.75,2146.5,2158.0
20090629,0.92,3.67,-5.05,-1.83,3948,93.62,125.86,0.0,0.42,1,1,1,1994,0,1,0,0,0,2140,2200,2070,2260,0.0,1913.9166666666667,2117.0,2149.5,2150.0
20090626,0.0,0.0,-3.21,0.0,2039,44.61,18.02,0.0,0.22,1,1,1,2031,0,1,0,0,0,2180,2180,2110,2180,0.0,1904.8333333333333,2108.25,2151.0,2142.0
20090625,1.16,1.4,1.16,1.4,1410,571.43,43.88,0.0,0.15,1,1,1,2031,0,1,0,0,0,2180,2175,2175,2180,0.0,1894.0,2098.25,2148.0,2141.0
20090624,2.38,2.38,2.38,2.38,210,-58.0,0.0,0.0,0.02,1,1,1,2003,0,1,0,0,0,2150,2150,2150,2150,0.0,1887.6666666666667,2089.0,2145.0,2141.0
20090623,0.0,0.0,0.0,0.0,500,-62.12,0.0,0.0,0.05,1,1,1,1956,0,1,0,0,0,2100,2100,2100,2100,0.0,1879.3333333333333,2081.5,2145.0,2135.0
20090622,0.0,0.0,-10.34,-3.45,1320,0.0,555.0,0.0,0.14,1,1,1,1956,0,1,0,0,0,2100,2175,1950,2175,0.0,1873.5833333333333,2071.0,2148.0,2149.0
20090619,-0.23,-0.23,-0.23,-0.23,0,-100.0,0.0,0.0,0.0,1,1,1,2026,0,1,0,0,0,2175,2175,2175,2175,0.0,1864.75,2061.5,2143.0,2160.0
20090618,2.83,2.83,2.83,2.83,20,-84.62,0.0,0.0,0.0,1,1,1,2031,0,1,0,0,0,2180,2180,2180,2180,0.0,1853.5,2048.25,2127.5,2155.0
20090617,-2.3,-2.3,-2.3,-2.3,130,-91.45,0.0,0.0,0.01,1,1,1,1975,0,1,0,0,0,2120,2120,2120,2120,0.0,1842.1666666666667,2035.25,2104.5,2149.0
20090616,0.93,0.93,-2.09,0.7,1520,128.92,1577.78,0.0,0.16,1,1,1,2021,0,1,0,0,0,2170,2175,2110,2175,0.0,1830.25,2025.0,2089.0,2155.0
20090615,0.23,11.4,-0.7,0.23,664,-81.03,50.0,0.0,0.07,1,-1,1,2007,0,1,0,0,0,2155,2155,2135,2395,0.0,1815.75,2010.75,2084.5,2147.0
20090612,1.63,1.63,-1.16,0.0,3500,-76.7,372.97,0.0,0.38,1,1,-1,2003,0,1,0,0,0,2150,2185,2125,2185,0.0,1800.1666666666667,1998.75,2065.5,2126.0
20090611,-0.23,0.0,-0.47,0.0,15020,1646.51,2904.0,0.0,1.61,1,1,1,2003,0,1,0,0,0,2150,2145,2140,2150,0.0,1785.6666666666667,1987.0,2048.5,2100.0
20090610,3.05,3.05,-9.15,0.94,860,-78.01,20.29,0.0,0.09,1,1,1,2003,0,1,0,0,0,2150,2195,1935,2195,0.0,1770.3333333333333,1975.5,2033.0,2060.0
20090609,6.34,6.34,-6.83,3.9,3910,-29.29,94.39,0.0,0.42,1,1,1,1984,0,1,0,0,0,2130,2180,1910,2180,0.0,1755.1666666666667,1967.0,2018.0,2023.0
20090608,6.19,6.44,-3.22,1.49,5530,296.13,58.45,0.0,0.59,1,1,1,1910,0,1,0,0,0,2050,2145,1955,2150,0.0,1740.9166666666667,1957.0,1994.0,2022.0
20090605,0.0,3.59,-2.05,3.59,1396,131.13,18.8,0.0,0.15,1,1,1,1882,0,1,0,0,0,2020,1950,1910,2020,0.0,1725.75,1948.5,1980.0,2005.0
20090604,0.25,3.82,-1.27,-0.76,604,-55.91,93.33,0.0,0.06,1,1,1,1817,0,1,0,0,0,1950,1970,1940,2040,0.0,1711.5833333333333,1944.25,1969.0,1997.0
20090603,-8.24,0.24,-11.76,-7.53,1370,-8.67,47.13,0.0,0.15,1,-1,1,1830,0,1,0,0,0,1965,1950,1875,2130,0.0,1698.9166666666667,1941.0,1966.0,2006.0
20090602,0.25,8.65,-4.83,8.14,1500,-72.63,600.0,0.0,0.16,1,1,1,1980,0,1,0,0,0,2125,1970,1870,2135,0.0,1685.0833333333333,1937.0,1961.0,2013.0
20090601,-7.32,0.25,-10.35,-0.76,5480,3123.53,49.0,0.0,0.59,1,1,1,1830,0,1,0,0,0,1965,1835,1775,1985,0.0,1670.1666666666667,1925.75,1937.0,1966.0
20090529,0.0,0.0,-4.26,-0.75,170,-80.9,54.55,0.0,0.02,1,1,1,1844,0,1,0,0,0,1980,1995,1910,1995,0.0,1655.5,1916.75,1932.0,1955.0
20090528,-0.25,-0.25,-7.5,-0.25,890,394.44,17.11,0.0,0.1,1,1,1,1858,0,1,0,0,0,1995,1995,1850,1995,0.0,1640.9166666666667,1907.75,1925.5,1941.0
20090527,1.32,5.82,1.32,5.82,180,-74.29,260.0,0.0,0.02,1,1,1,1863,0,1,0,0,0,2000,1915,1915,2000,0.0,1626.25,1897.5,1918.0,1926.0
20090526,-0.52,9.42,-1.05,-1.05,700,5733.33,40.0,0.0,0.08,1,1,1,1761,0,1,0,0,0,1890,1900,1890,2090,0.0,1611.3333333333333,1886.0,1916.0,1909.0
20090525,0.0,0.0,0.0,0.0,12,-89.09,0.0,0.0,0.0,1,1,1,1779,0,1,0,0,0,1910,1910,1910,1910,0.0,1598.6666666666667,1879.0,1920.0,1908.0
20090522,0.0,0.0,-4.17,-0.52,110,-42.11,0.0,0.0,0.01,1,1,1,1779,0,1,0,0,0,1910,1920,1840,1920,0.0,1585.6666666666667,1867.75,1917.0,1909.0
20090521,0.26,3.13,0.0,0.26,190,45.04,58.33,0.0,0.02,1,1,1,1789,0,1,0,0,0,1920,1920,1915,1975,0.0,1571.5833333333333,1858.5,1919.5,1910.0
20090520,0.27,4.24,0.27,1.59,131,-95.91,44.44,0.0,0.01,1,1,1,1784,0,1,0,0,0,1915,1890,1890,1965,0.0,1558.0,1849.5,1916.0,1910.0
20090519,2.09,3.39,-10.7,-1.57,3204,15920.0,317.57,0.0,0.34,1,-1,1,1756,0,1,0,0,0,1885,1955,1710,1980,0.0,1544.6666666666667,1837.25,1913.0,1923.0
20090518,0.0,0.0,0.0,0.0,20,-98.8,0.0,0.0,0.0,1,1,1,1784,0,1,0,0,0,1915,1915,1915,1915,0.0,1532.0833333333333,1827.75,1914.5,1932.0
20090515,8.33,8.33,-3.39,-0.26,1670,-82.53,1570.0,0.0,0.18,1,1,1,1784,0,1,0,0,0,1915,2080,1855,2080,0.0,1518.1666666666667,1818.5,1901.5,1925.0
20090514,-3.54,1.01,-7.07,-3.03,9560,819.23,119.66,0.0,1.03,1,1,1,1789,0,1,0,0,0,1920,1910,1840,2000,0.0,1504.5833333333333,1806.0,1890.0,1929.0
20090513,0.0,5.18,-3.89,2.59,1040,116.67,372.73,0.0,0.11,1,1,1,1844,0,1,0,0,0,1980,1930,1855,2030,0.0,1490.9166666666667,1795.5,1877.0,1922.0
20090512,0.53,3.46,-0.27,2.66,480,-79.13,37.14,0.0,0.05,1,1,1,1798,0,1,0,0,0,1930,1890,1875,1945,0.0,1476.5833333333333,1781.5,1856.0,1903.0
20090511,11.11,11.11,-2.84,-2.84,2300,248.48,137.11,0.0,0.25,1,1,1,1751,0,1,0,0,0,1880,2150,1880,2150,0.0,1462.9166666666667,1768.25,1838.0,1897.0
20090508,0.0,2.65,-3.71,2.65,660,371.43,450.0,0.0,0.07,1,1,1,1803,0,1,0,0,0,1935,1885,1815,1935,0.0,1450.3333333333333,1759.25,1818.5,1878.0
20090507,0.0,0.0,0.0,0.0,140,-88.33,600.0,0.0,0.02,1,1,1,1756,0,1,0,0,0,1885,1885,1885,1885,0.0,1436.9166666666667,1743.5,1797.5,1851.0
20090506,0.0,5.0,-3.95,-0.79,1200,-75.28,12.15,0.0,0.13,1,1,1,1756,0,1,0,0,0,1885,1900,1825,1995,0.0,1424.4166666666667,1729.0,1783.0,1832.0
20090504,-0.28,7.84,-0.28,6.44,4855,17.78,153.93,0.0,0.52,1,1,1,1770,0,1,0,0,0,1900,1780,1780,1925,0.0,1412.0,1714.75,1761.5,1809.0
20090430,-1.11,5.0,-10.83,-0.83,4122,-63.43,19.83,0.0,0.44,1,1,1,1663,0,1,0,0,0,1785,1780,1605,1890,0.0,1398.4166666666667,1699.0,1741.0,1779.0
20090429,-3.91,4.19,-7.82,0.56,11270,233.43,34.12,0.0,1.21,1,1,1,1677,0,1,0,0,0,1800,1720,1650,1865,0.0,1388.3333333333333,1689.5,1735.5,1759.0
20090428,-0.56,1.69,-2.54,1.13,3380,-17.16,454.1,0.0,0.36,1,1,1,1667,0,1,0,0,0,1790,1760,1725,1800,0.0,0.0,1676.0,1722.0,1744.0
20090427,0.0,5.71,-1.43,1.14,4080,-79.0,655.56,0.0,0.44,1,1,1,1649,0,1,0,0,0,1770,1750,1725,1850,0.0,0.0,1676.5,1714.0,1734.0
20090424,-1.78,3.86,-4.75,3.86,19430,1029.65,345.64,0.0,2.09,1,1,1,1630,0,1,0,0,0,1750,1655,1605,1750,0.0,0.0,1670.5,1707.0,1714.0
20090423,-0.29,4.93,-2.32,-2.32,1720,-22.17,21.99,0.0,0.18,1,1,1,1570,0,1,0,0,0,1685,1720,1685,1810,0.0,0.0,1670.75,1698.5,1703.0
20090422,4.02,4.02,-2.3,-0.86,2210,-43.33,513.89,0.0,0.24,1,1,1,1607,0,1,0,0,0,1725,1810,1700,1810,0.0,0.0,1665.0,1700.0,1712.0
20090421,-6.89,4.19,-7.19,4.19,3900,-71.57,110.81,0.0,0.42,1,1,1,1621,0,1,0,0,0,1740,1555,1550,1740,0.0,0.0,1653.75,1689.5,1700.0
20090420,0.0,0.0,-14.45,-1.47,13720,106.63,62.56,0.0,1.47,1,1,1,1556,0,1,0,0,0,1670,1695,1450,1695,0.0,0.0,1641.75,1675.0,1694.0
20090417,-6.36,0.87,-6.36,-2.02,6640,90.8,25.52,0.0,0.71,1,1,1,1579,0,1,0,0,0,1695,1620,1620,1745,0.0,0.0,1628.5,1668.0,1700.0
20090416,0.3,3.9,-2.1,3.9,3480,-52.72,28.35,0.0,0.37,1,1,1,1612,0,1,0,0,0,1730,1670,1630,1730,0.0,0.0,1608.75,1657.0,1694.0
20090415,-1.75,-0.58,-5.85,-2.63,7360,-37.2,3.37,0.0,0.79,1,1,1,1551,0,1,0,0,0,1665,1680,1610,1700,0.0,0.0,1583.25,1643.5,1688.0
20090414,1.47,11.76,-1.47,0.59,11720,-45.36,233.9,0.0,1.26,1,1,1,1593,0,1,0,0,0,1710,1725,1675,1900,0.0,0.0,1564.0,1630.0,1679.0
20090413,3.0,3.0,-14.71,2.1,21450,160.95,188.69,0.0,2.3,1,1,-1,1584,0,1,0,0,0,1700,1715,1420,1715,0.0,0.0,1540.0,1639.0,1656.0
20090410,11.18,11.18,-5.59,-2.06,8220,4.31,31.2,0.0,0.88,1,-1,1,1551,0,1,0,0,0,1665,1890,1605,1890,0.0,0.0,1517.0,1634.0,1636.0
20090409,14.2,14.2,1.54,4.94,7880,-77.06,11.77,0.0,0.85,1,1,1,1584,0,1,0,0,0,1700,1850,1645,1850,0.0,0.0,1497.5,1643.0,1620.0
20090408,0.31,1.57,-10.97,1.57,34344,23.27,1929.59,0.0,3.69,1,1,1,1509,0,1,0,0,0,1620,1600,1420,1620,0.0,0.0,1469.5,1630.0,1599.0
20090407,0.0,2.81,-4.38,-0.31,27860,194.29,313.84,0.0,2.99,1,1,1,1486,0,1,0,0,0,1595,1600,1530,1645,0.0,0.0,1447.0,1618.0,1581.0
20090406,0.95,0.95,-7.57,0.95,9467,2051.59,3927.27,0.0,1.02,1,1,1,1490,0,1,0,0,0,1600,1600,1465,1600,0.0,0.0,1426.75,1608.5,1622.0
20090403,3.45,3.45,-10.03,-0.63,440,-94.51,38.71,0.0,0.05,1,1,1,1476,0,1,0,0,0,1585,1650,1435,1650,0.0,0.0,1403.5,1589.0,1632.0
20090402,-0.33,4.58,-2.94,4.25,8020,-45.83,95.12,0.0,0.86,1,1,1,1486,0,1,0,0,0,1595,1525,1485,1600,0.0,0.0,1385.75,1560.5,1666.0
20090401,0.0,0.0,-15.0,-15.0,14806,1210.27,80.44,0.0,1.59,1,1,1,1425,0,1,0,0,0,1530,1800,1530,1800,0.0,0.0,1360.25,1523.0,1661.0
20090331,9.09,14.55,9.09,9.09,1130,-88.49,0.0,0.0,0.12,1,1,1,1677,0,1,0,0,0,1800,1800,1800,1890,0.0,0.0,1339.0,1498.0,1655.0
20090330,8.55,8.55,-8.55,-5.98,9821,550.4,1261.11,0.0,1.05,1,1,1,1537,0,1,0,0,0,1650,1905,1605,1905,0.0,0.0,1304.75,1441.0,1595.0
20090327,8.28,12.74,-9.24,11.78,1510,31.3,67.78,0.0,0.16,1,1,1,1635,0,1,0,0,0,1755,1700,1425,1770,0.0,0.0,1277.5,1400.0,1546.0
20090326,0.0,14.67,0.0,4.67,1150,-91.02,533.33,0.0,0.12,1,1,1,1463,0,1,0,0,0,1570,1500,1500,1720,0.0,0.0,1246.25,1352.0,1455.0
20090325,-14.67,4.67,-15.0,0.0,12800,137.04,424.06,0.0,1.37,1,1,1,1397,0,1,0,0,0,1500,1280,1275,1570,0.0,0.0,1224.25,1309.0,1385.0
20090324,0.0,10.32,0.0,6.76,5400,40.85,96.36,0.0,0.58,1,1,1,1397,0,1,0,0,0,1500,1405,1405,1550,0.0,0.0,1202.5,1276.0,1341.0
20090323,5.77,14.62,-3.85,8.08,3834,6.5,302.11,0.0,0.41,1,-1,1,1309,0,1,0,0,0,1405,1375,1250,1490,0.0,0.0,1182.75,1245.0,1287.0
20090320,5.74,9.02,0.82,6.56,3600,67.44,95.65,0.0,0.39,1,1,1,1211,0,1,0,0,0,1300,1290,1230,1330,0.0,0.0,1168.25,1218.0,1254.0
20090319,0.39,0.78,-7.03,-4.69,2150,696.3,44.3,0.0,0.23,1,1,1,1136,0,1,0,0,0,1220,1285,1190,1290,0.0,0.0,1159.75,1211.0,1249.0
20090318,0.81,4.88,0.41,4.07,270,-57.14,237.5,0.0,0.03,1,1,1,1192,0,1,0,0,0,1280,1240,1235,1290,0.0,0.0,1152.75,1197.5,1233.0
20090317,-8.47,-0.81,-8.47,-0.81,630,34.04,950.0,0.0,0.07,1,1,1,1146,0,1,0,0,0,1230,1135,1135,1230,0.0,0.0,1143.75,1180.0,1211.0
20090316,-3.53,-2.75,-5.1,-2.75,470,-94.86,370.0,0.0,0.05,1,1,1,1155,0,1,0,0,0,1240,1230,1210,1240,0.0,0.0,1137.25,1168.5,1203.0
20090313,0.0,14.91,-2.19,11.84,9150,461.35,638.21,0.0,0.98,1,1,1,1188,0,1,0,0,0,1275,1140,1115,1310,0.0,0.0,1131.25,1155.0,1182.0
20090312,-3.42,-2.56,-4.27,-2.56,1630,-66.25,0.0,0.0,0.17,1,1,1,1062,0,1,0,0,0,1140,1130,1120,1140,0.0,0.0,1123.0,1140.5,1173.0
20090311,0.0,0.0,-5.88,-1.68,4830,94.21,163.43,0.0,0.52,1,-1,1,1090,0,1,0,0,0,1170,1190,1120,1190,0.0,0.0,1122.25,1139.5,1162.0
20090310,0.44,8.37,-2.64,4.85,2487,5.38,285.71,0.0,0.27,1,1,1,1109,0,1,0,0,0,1190,1140,1105,1230,0.0,0.0,1120.25,1129.0,1149.0
20090309,4.07,4.07,-9.35,-7.72,2360,-42.72,54.36,0.0,0.25,1,-1,1,1057,0,1,0,0,0,1135,1280,1115,1280,0.0,0.0,1117.5,1120.5,1134.0
20090306,-0.46,14.29,-0.46,13.36,4120,19519.05,904.88,0.0,0.44,1,1,1,1146,0,1,0,0,0,1230,1080,1080,1240,0.0,0.0,1117.75,1118.5,1128.0
20090305,3.17,3.17,-1.81,-1.81,21,-94.62,100.0,0.0,0.0,1,1,1,1011,0,1,0,0,0,1085,1140,1085,1140,0.0,0.0,1110.5,1108.5,1108.0
20090304,-0.9,-0.9,-9.42,-0.9,390,-51.97,153.85,0.0,0.04,1,1,1,1029,0,1,0,0,0,1105,1105,1010,1105,0.0,0.0,1115.25,1108.0,1117.0
20090303,8.14,8.14,-7.69,0.9,812,3960.0,185.19,0.0,0.09,1,1,1,1039,0,1,0,0,0,1115,1195,1020,1195,0.0,0.0,0.0,1107.5,1109.0
20090302,0.88,0.88,-2.21,-2.21,20,-99.71,0.0,0.0,0.0,1,1,1,1029,0,1,0,0,0,1105,1140,1105,1140,0.0,0.0,0.0,1106.0,1107.0
20090227,6.19,6.19,-2.21,0.0,6980,-63.07,824.0,0.0,0.75,1,1,1,1053,0,1,0,0,0,1130,1200,1105,1200,0.0,0.0,0.0,1107.5,1109.0
20090226,1.41,7.04,0.94,6.1,18900,49.17,231.99,0.0,2.03,1,1,1,1053,0,1,0,0,0,1130,1080,1075,1140,0.0,0.0,0.0,1105.5,1109.0
20090225,2.26,3.17,-13.12,-3.62,12670,563.35,536.36,0.0,1.36,1,1,1,992,0,1,0,0,0,1065,1130,960,1140,0.0,0.0,0.0,1105.0,1099.0
20090224,0.45,0.45,-6.28,-0.9,1910,730.43,516.13,0.0,0.21,1,1,1,1029,0,1,0,0,0,1105,1120,1045,1120,0.0,0.0,0.0,1111.5,1106.0
20090223,-1.33,-1.33,-4.87,-1.33,230,283.33,63.64,0.0,0.02,1,1,1,1039,0,1,0,0,0,1115,1115,1075,1115,0.0,0.0,0.0,1114.5,1105.0
20090220,3.7,4.63,1.85,4.63,60,-98.81,0.0,0.0,0.01,1,1,1,1053,0,1,0,0,0,1130,1120,1100,1130,0.0,0.0,0.0,1117.0,1106.0
20090219,0.45,0.45,-5.45,-1.82,5040,-19.62,28.24,0.0,0.54,1,1,1,1006,0,1,0,0,0,1080,1105,1040,1105,0.0,0.0,0.0,1112.5,1102.0
20090218,0.91,2.27,-6.36,0.0,6270,109.56,10.11,0.0,0.67,1,1,1,1025,0,1,0,0,0,1100,1110,1030,1125,0.0,0.0,0.0,1122.5,1111.0
20090217,0.0,0.0,-3.57,-1.79,2992,-21.47,228.57,0.0,0.32,1,1,-1,1025,0,1,0,0,0,1100,1120,1080,1120,0.0,0.0,0.0,0.0,1117.0
20090216,-2.7,2.25,-2.7,0.9,3810,-19.79,5.85,0.0,0.41,1,1,1,1043,0,1,0,0,0,1120,1080,1080,1135,0.0,0.0,0.0,0.0,1124.0
20090213,3.11,10.67,-3.11,-1.33,4750,-41.86,81.89,0.0,0.51,1,1,1,1034,0,1,0,0,0,1110,1160,1090,1245,0.0,0.0,0.0,0.0,1128.0
20090212,0.0,0.0,-3.54,-0.44,8170,-74.78,134.1,0.0,0.88,1,1,1,1048,0,1,0,0,0,1125,1130,1090,1130,0.0,0.0,0.0,0.0,1123.0
20090211,11.89,11.89,-1.76,-0.44,32390,0.0,4264.86,0.0,3.48,1,1,-1,1053,0,1,0,0,0,1130,1270,1115,1270,0.0,0.0,0.0,0.0,1134.0
20090210,-0.44,-0.44,-0.44,-0.44,0,-100.0,0.0,0.0,0.0,1,1,1,1057,0,1,0,0,0,1135,1135,1135,1135,0.0,0.0,0.0,0.0,0.0
20090209,1.38,5.07,0.92,5.07,19550,1296.43,0.0,0.0,2.1,1,1,1,1062,0,1,0,0,0,1140,1100,1095,1140,0.0,0.0,0.0,0.0,0.0
20090206,0.42,0.42,-11.44,-8.05,1400,436.4,0.72,0.0,0.15,1,1,1,1011,0,1,0,0,0,1085,1185,1045,1185,0.0,0.0,0.0,0.0,0.0
20090205,-9.62,2.93,-9.62,-1.26,261,-93.2,8.33,0.0,0.03,1,1,1,1099,0,1,0,0,0,1180,1080,1080,1230,0.0,0.0,0.0,0.0,0.0
